70 0 23
55 0 5
48 0 77
75 0 99
26 0 35
97 0 79
51 0 44
66 0 27
33 0 25
62 0 25
79 0 73
24 0 68
86 0 88
40 0 88
94 0 49
73 0 54
88 0 66
52 0 77
78 0 38
35 0 37
82 0 50
90 0 61
57 0 40
87 0 36
53 0 91
19 0 47
69 0 87
49 0 33
95 0 7
30 0 85
61 0 56
59 0 72
31 0 51
6 0 7
74 0 60
72 0 13
38 0 80
10 0 52
13 0 82
76 0 49
36 0 61
93 0 41
83 0 70
45 0 22
96 0 90
91 0 28
7 0 54
71 0 47
92 0 96
11 0 69
12 0 71
28 0 59
56 0 56
22 0 92
46 0 11
14 0 67
43 0 58
20 0 19
27 0 35
42 0 43
67 0 56
18 0 20
84 0 60
8 0 13
77 0 73
9 0 8
89 0 80
99 0 38
41 0 70
63 0 21
23 0 41
44 0 44
98 0 49
81 0 98
54 0 98
34 0 78
47 0 73
68 0 43
85 0 77
1 0 36
21 0 99
50 0 95
2 0 51
29 0 19
3 0 87
15 0 8
4 0 5
60 0 58
32 0 38
16 0 88
17 0 43
64 0 99
25 0 41
58 0 71
0 0 90
37 0 91
39 0 65
80 0 75
5 0 93
65 0 77
