98 55 98
1 64 78
40 86 54
25 78 27
92 21 48
1 47 79
80 24 63
16 30 98
36 48 90
48 32 25
6 59 87
80 29 49
93 92 1
66 75 30
52 17 52
83 47 62
18 16 65
83 55 48
95 54 14
98 31 34
66 51 3
1 70 100
9 35 61
16 22 60
61 92 57
12 82 70
51 61 9
56 67 40
51 20 47
10 46 57
63 34 29
92 89 21
35 64 16
56 6 45
30 68 79
82 55 47
41 73 87
20 24 70
71 89 50
84 58 58
19 57 6
68 50 18
90 87 39
47 50 99
57 67 58
32 3 16
96 65 15
26 73 5
1 59 55
89 99 83
33 56 31
65 25 3
70 93 33
7 55 77
26 53 84
85 26 74
19 70 83
16 69 21
37 38 22
71 39 47
22 72 37
85 66 56
85 98 14
34 7 90
68 39 31
15 96 34
64 91 42
52 37 3
20 32 33
23 23 21
8 72 44
77 71 23
8 78 52
7 89 92
49 62 67
49 58 47
86 88 67
16 10 62
95 56 98
85 73 94
30 88 60
18 73 76
10 57 63
51 51 17
40 80 91
48 79 53
79 65 92
98 6 15
3 75 77
53 56 95
18 43 21
14 14 37
5 41 81
94 59 67
30 45 36
51 38 99
70 37 66
79 63 76
57 27 93
17 13 73
69 35 74
0 50 33
76 39 57
40 22 56
98 11 90
64 3 67
44 76 54
0 54 75
31 67 7
39 96 71
13 41 28
47 91 51
13 91 17
31 47 79
47 46 52
41 47 87
55 48 84
15 98 36
59 30 4
52 41 18
81 53 37
14 51 25
1 41 7
86 55 78
23 97 18
53 67 7
22 9 70
25 8 83
46 64 33
62 7 92
71 51 8
43 37 40
92 27 58
82 52 75
61 74 97
47 5 30
32 34 59
53 77 23
50 97 53
20 21 83
6 39 7
64 44 72
38 54 57
96 15 24
41 42 49
12 74 27
63 10 72
24 39 12
58 28 78
81 38 76
30 34 38
70 43 65
34 62 21
8 24 58
16 29 21
20 91 55
95 31 16
31 85 44
80 6 43
52 8 78
13 53 55
61 62 96
75 21 9
51 84 70
29 65 5
74 23 28
18 49 96
4 82 76
30 30 55
95 46 84
34 96 95
19 45 6
73 32 76
79 84 4
71 78 77
13 87 9
63 28 71
25 34 34
99 76 85
15 24 21
19 27 36
31 86 51
14 82 28
84 45 18
17 43 99
60 7 34
35 23 55
59 29 34
56 0 39
90 62 81
12 41 90
4 15 28
93 62 36
11 23 25
80 33 27
83 76 73
3 17 70
24 78 29
0 59 26
1 29 65
39 66 14
5 69 58
41 11 35
9 88 61
89 97 95
32 91 37
26 10 11
85 20 68
7 96 45
53 18 68
30 15 54
54 15 26
98 44 51
73 6 12
53 84 47
68 53 87
75 60 82
67 25 32
63 54 51
27 8 49
73 73 99
11 69 57
30 17 70
89 79 90
10 35 34
93 7 95
27 19 10
1 71 42
87 77 83
32 23 24
90 48 26
54 83 22
90 69 61
76 45 88
98 52 11
67 83 54
78 44 32
57 37 40
50 77 14
56 80 51
3 1 14
47 13 21
70 64 87
90 41 44
2 95 41
80 35 15
10 56 76
18 35 56
60 57 72
41 83 75
56 71 70
45 28 52
30 93 20
96 2 9
24 96 2
80 46 6
53 85 38
0 72 88
84 55 28
37 30 58
57 61 76
92 64 69
26 86 30
32 76 40
96 63 91
66 61 4
18 75 35
21 95 21
42 50 92
99 84 28
61 81 72
74 78 77
73 78 75
60 21 49
43 25 45
71 46 33
36 72 92
95 86 79
88 76 26
80 17 62
77 64 89
72 78 36
50 30 14
9 92 36
2 20 71
85 82 59
73 25 72
27 59 80
32 20 56
87 1 16
94 51 85
15 92 94
49 0 76
30 10 30
37 59 9
5 71 53
22 74 34
96 91 82
12 27 21
90 49 4
15 52 18
0 65 64
2 90 76
49 70 10
73 97 89
7 30 37
48 0 27
3 94 14
10 76 23
58 55 99
39 55 96
92 91 71
61 43 59
31 61 50
60 59 19
42 41 60
86 72 50
17 67 63
45 10 28
90 54 10
63 79 10
38 4 6
26 0 29
16 90 19
71 87 23
21 60 95
17 57 25
0 66 8
61 64 57
95 63 87
66 62 64
25 37 90
4 97 81
40 57 62
93 72 33
89 11 46
47 11 50
67 93 80
57 46 72
46 35 99
47 83 34
57 76 39
45 88 47
99 16 43
90 95 16
71 88 32
78 25 54
51 2 77
42 55 74
11 26 79
90 13 68
61 18 81
48 53 28
39 84 89
78 20 28
61 69 13
53 38 34
94 62 40
61 67 5
63 48 20
38 22 7
20 87 54
50 93 27
6 51 49
26 95 30
13 12 62
9 26 82
81 48 46
45 89 41
65 99 95
47 21 50
47 10 70
25 24 95
44 21 51
45 80 74
99 40 52
85 54 8
69 53 78
55 71 20
24 90 10
74 65 38
30 59 7
16 5 45
13 5 64
64 97 93
24 69 37
79 29 51
95 64 38
56 16 70
6 69 37
83 61 22
55 30 64
10 13 62
29 48 67
4 35 28
49 95 60
11 41 40
20 94 20
76 55 33
34 21 2
49 1 18
40 53 69
19 23 12
90 97 80
65 71 10
53 34 86
76 47 80
85 44 6
0 94 75
0 69 69
43 13 47
76 73 1
74 87 36
85 14 32
41 80 20
50 10 57
0 68 17
44 51 19
62 61 36
5 96 28
68 9 83
41 82 58
38 94 1
28 8 91
17 77 61
5 42 16
96 86 50
10 55 34
77 13 57
24 92 31
36 82 51
76 3 59
69 93 51
12 4 87
25 30 11
36 28 62
71 1 81
70 59 35
11 93 57
55 86 10
84 61 47
57 39 16
33 75 29
9 22 38
75 45 45
18 20 23
10 20 15
16 78 17
46 96 42
73 90 22
28 63 66
56 34 7
58 96 39
76 14 5
37 13 97
33 36 66
67 45 69
17 31 15
26 52 10
57 18 48
24 62 30
31 2 56
80 18 71
73 53 55
3 95 23
0 38 82
69 19 84
1 68 14
20 99 29
55 18 89
23 86 84
42 42 16
40 52 57
21 25 39
61 54 50
41 2 40
31 46 60
74 86 13
25 40 41
8 52 51
13 81 43
46 98 12
78 61 35
51 48 58
71 61 86
41 20 69
23 45 72
3 34 43
54 31 20
76 37 100
83 95 54
37 77 3
67 48 49
71 85 15
45 43 53
40 5 33
48 39 68
26 1 68
95 2 97
10 8 86
11 18 48
21 67 55
5 23 7
81 46 37
46 46 63
2 26 72
5 62 60
95 21 84
66 44 54
80 55 73
48 36 57
45 12 96
88 41 83
18 90 35
10 36 54
86 53 65
86 67 40
33 3 36
69 97 92
55 54 30
8 45 11
8 64 58
51 36 7
83 28 5
66 94 15
44 8 91
22 27 70
4 27 45
51 0 1
38 23 70
9 21 75
21 52 96
8 53 31
41 87 25
58 32 16
30 14 55
95 90 18
62 81 85
27 11 97
13 88 89
29 92 98
70 97 41
42 11 91
35 42 5
37 50 44
43 92 4
78 18 95
42 67 32
18 96 96
42 21 22
91 94 80
11 9 21
45 9 22
6 38 3
59 19 2
60 64 42
39 85 49
93 10 26
10 21 46
81 5 4
24 67 19
66 47 37
94 28 68
62 74 42
75 6 65
61 11 56
7 16 77
83 86 56
22 25 91
93 14 88
82 13 37
16 43 70
89 50 39
93 48 96
96 25 70
81 81 94
31 18 47
74 31 95
72 0 34
70 76 89
13 79 46
55 2 79
30 92 59
60 43 51
7 18 60
37 45 33
23 70 29
44 11 46
28 86 84
17 45 28
25 94 40
52 77 40
11 63 49
26 55 83
53 1 4
83 99 20
16 16 23
42 20 62
0 89 13
72 97 38
96 36 50
0 90 47
63 39 18
57 54 61
74 50 12
42 0 14
27 47 71
14 54 6
68 45 22
84 12 55
43 55 87
25 56 69
72 33 1
99 21 49
9 66 6
18 54 41
23 28 98
59 87 43
95 95 18
88 58 12
45 40 60
12 20 45
81 20 75
66 6 39
15 22 13
11 48 47
50 64 30
25 68 79
74 97 3
45 66 47
75 10 45
82 67 27
94 19 11
2 49 50
43 3 85
44 90 21
52 16 13
36 38 74
59 74 12
27 90 9
28 3 64
86 30 45
70 29 5
76 63 54
54 10 70
73 62 52
71 70 72
11 47 34
10 23 60
52 21 64
31 82 45
69 33 91
14 4 59
22 86 52
49 29 91
95 89 51
60 17 14
18 19 79
7 21 55
36 78 33
99 50 14
17 95 12
61 23 67
44 44 32
10 89 73
74 20 3
97 99 44
2 96 64
9 98 75
91 49 47
11 51 86
98 69 6
1 50 36
19 39 79
28 67 64
73 26 62
29 93 64
76 16 49
20 6 13
87 89 88
35 98 26
48 64 47
55 43 35
59 3 57
80 27 15
7 84 53
98 82 43
9 74 4
99 67 9
31 65 53
44 41 94
70 94 31
4 91 50
1 35 77
71 16 76
22 4 76
37 26 95
59 25 26
72 74 79
79 89 73
3 83 92
88 6 5
78 52 11
5 72 65
94 30 46
31 98 37
31 25 31
31 60 46
94 64 34
75 61 48
53 30 55
6 16 95
5 46 21
13 52 36
33 91 95
62 88 91
48 63 40
30 35 28
26 78 24
93 17 22
26 8 35
14 53 99
91 42 99
8 89 68
80 93 22
98 42 13
37 52 67
96 98 17
21 64 63
91 89 49
86 9 94
77 91 29
69 49 73
5 91 39
61 70 28
12 83 94
32 50 30
58 70 33
79 60 39
87 64 25
90 63 65
30 38 65
59 4 32
80 65 52
23 29 51
55 45 17
9 38 68
76 64 100
83 91 52
49 45 8
89 46 23
16 81 78
19 16 75
88 11 18
82 60 40
54 20 22
13 23 61
1 26 7
69 0 13
2 38 21
31 5 54
46 36 67
52 20 29
5 83 43
70 70 42
85 88 61
82 59 69
90 14 35
84 35 12
95 52 32
1 45 48
7 59 76
19 82 55
36 36 90
40 16 80
66 17 84
78 43 76
97 49 47
18 60 8
86 64 42
32 26 20
55 17 42
36 18 84
28 74 46
6 87 93
83 83 62
15 88 99
23 25 77
71 79 54
29 71 49
46 17 93
30 12 20
15 36 49
2 67 44
53 73 98
40 69 1
23 47 27
33 32 61
18 44 74
93 81 50
51 18 31
42 81 88
59 81 94
86 94 74
41 35 42
0 87 91
77 77 8
15 97 15
82 18 7
15 37 18
12 97 8
44 5 46
70 32 72
17 28 57
65 52 12
69 78 90
62 14 35
79 5 95
88 46 30
24 58 1
10 52 5
51 6 45
0 77 40
37 96 2
68 32 92
41 12 78
85 77 34
72 96 68
11 62 30
74 73 40
98 92 83
71 24 93
29 69 55
32 78 62
46 88 39
9 67 89
46 60 6
20 9 48
58 16 59
86 16 24
77 38 63
54 69 58
45 75 60
68 2 30
4 28 7
55 87 17
43 44 82
48 50 24
61 9 83
78 2 69
37 64 78
24 81 7
33 1 9
63 38 77
22 8 23
27 95 61
52 95 19
18 72 65
45 27 12
99 41 4
40 94 38
94 10 48
78 36 74
46 51 94
75 34 46
28 61 18
16 53 24
24 29 37
19 88 65
4 77 42
18 92 31
39 87 99
79 67 97
26 38 62
69 80 99
74 14 69
50 98 55
43 38 73
38 47 61
4 3 94
91 92 25
67 4 93
66 82 45
51 17 35
57 73 62
71 84 32
75 82 21
98 97 33
23 71 15
45 0 59
18 85 10
13 86 50
75 9 23
33 69 83
95 62 57
1 30 12
32 52 66
28 46 82
96 41 4
4 48 77
34 39 19
39 42 2
41 36 61
7 50 27
25 61 42
86 61 100
61 34 39
38 99 27
28 85 55
98 12 83
39 22 48
52 25 92
42 96 82
81 19 87
11 33 49
80 12 34
92 46 87
17 84 75
24 98 46
67 92 65
49 41 32
92 15 1
91 74 47
63 74 85
10 50 60
70 87 8
26 59 93
8 73 60
24 55 62
71 75 41
79 87 28
42 15 19
98 20 11
96 99 43
78 30 60
0 37 79
79 31 69
56 4 68
19 94 27
86 45 59
75 66 97
64 69 84
97 79 86
61 66 71
84 10 87
88 12 84
72 41 52
37 66 74
57 57 18
99 46 86
31 41 27
80 97 81
57 17 44
75 75 3
82 34 43
83 33 48
30 49 53
21 80 28
65 46 78
25 12 97
21 58 27
53 59 96
51 35 69
45 58 64
15 63 59
64 9 69
50 20 8
75 35 57
49 71 89
96 52 53
67 63 81
96 80 16
57 78 74
33 55 17
74 15 67
55 92 54
11 87 57
23 72 49
20 59 70
83 97 77
49 35 59
30 70 46
5 17 77
85 10 80
14 89 47
81 36 1
71 11 22
23 0 99
95 3 95
8 35 100
74 47 54
18 34 21
23 1 44
69 1 63
67 81 45
61 87 12
17 56 4
73 46 63
63 22 3
47 26 95
38 61 16
49 5 63
4 89 9
9 27 13
87 88 23
91 9 70
64 71 35
11 67 56
98 32 14
95 73 73
35 31 53
63 85 37
44 75 62
68 35 93
90 83 22
88 65 23
90 29 95
58 52 3
49 56 70
97 15 57
99 13 59
66 99 52
74 30 20
82 11 49
16 58 20
95 60 67
11 78 66
51 21 34
9 23 60
1 91 40
48 83 36
10 81 56
14 18 17
24 13 26
4 36 13
70 74 31
63 4 42
7 47 24
13 68 37
1 99 88
17 71 68
70 25 96
10 15 86
18 26 61
28 88 42
91 7 50
8 8 86
59 77 20
36 45 95
30 0 13
36 19 68
80 11 91
8 86 92
46 76 20
44 66 24
92 86 42
24 75 68
50 3 79
71 57 32
47 7 6
44 31 38
23 48 91
36 62 84
49 2 21
38 93 44
2 51 68
21 91 31
31 30 43
73 40 58
55 22 91
8 27 73
87 65 95
73 1 32
78 83 74
84 26 7
70 15 65
10 18 60
89 6 9
40 92 16
7 48 66
10 10 33
94 58 57
41 22 77
87 34 66
8 85 68
32 72 96
85 33 30
47 85 74
86 39 11
75 8 82
18 84 87
22 65 93
48 37 54
83 0 18
36 42 59
19 6 3
46 57 10
50 70 41
14 86 58
86 48 80
94 83 59
95 93 46
89 58 50
43 73 70
34 49 66
97 65 25
88 72 87
62 60 42
48 75 85
67 13 68
96 69 95
25 44 45
4 23 38
54 89 14
70 77 96
60 10 70
26 85 16
35 41 93
94 74 50
77 32 39
17 62 14
74 17 17
33 67 9
20 46 94
10 12 99
71 76 24
62 78 82
25 42 92
95 37 80
58 15 94
9 8 3
69 88 17
88 52 100
37 51 46
60 8 49
33 19 35
16 49 96
41 59 28
7 45 96
1 92 60
44 83 89
68 63 41
90 8 69
5 84 83
78 51 33
52 19 93
21 18 71
16 18 34
28 98 46
70 66 9
33 58 91
28 28 8
86 18 96
85 0 4
94 2 61
44 79 52
23 43 65
39 43 84
96 5 5
35 84 96
60 40 96
97 31 50
87 96 5
37 86 17
4 59 60
57 4 61
69 68 50
65 56 82
18 31 32
78 40 25
70 63 84
68 44 86
69 20 17
79 24 9
53 75 100
95 33 100
70 40 70
71 12 34
95 32 9
41 23 63
24 74 69
32 61 82
22 93 6
95 15 24
63 18 39
97 24 1
15 57 28
82 70 47
85 90 93
3 84 26
57 68 92
80 43 6
32 8 86
89 4 72
10 7 22
75 54 5
17 18 50
10 99 59
67 73 51
80 14 54
73 23 71
67 24 34
52 79 85
43 60 18
71 98 59
10 70 41
66 45 54
6 66 76
73 89 83
27 70 68
22 5 96
99 49 16
8 88 84
14 92 70
25 86 47
53 12 99
97 5 47
17 58 50
96 62 9
64 7 81
91 65 24
60 92 64
37 57 84
46 92 47
74 13 13
14 24 44
77 68 95
60 63 96
31 12 4
60 66 12
22 67 92
54 14 16
68 36 51
25 35 87
54 36 61
37 29 74
5 89 78
91 64 41
8 77 10
99 36 57
20 78 81
29 49 73
54 46 40
58 63 31
93 99 17
20 97 94
99 10 11
48 55 60
14 96 29
6 18 11
3 76 7
19 63 31
57 41 30
0 40 48
85 16 43
82 69 67
62 42 50
57 42 15
20 72 75
40 83 45
5 35 89
85 80 94
88 59 80
31 38 29
99 93 68
73 44 52
42 30 18
61 95 48
53 9 79
80 32 62
40 42 41
52 53 44
32 68 69
88 64 21
98 41 57
81 55 55
9 90 77
16 42 98
22 0 31
89 12 6
30 32 27
55 69 65
25 10 32
91 58 22
93 84 26
65 97 65
45 46 99
35 86 48
92 99 41
2 91 89
73 67 34
68 8 13
44 45 12
56 35 3
42 36 76
62 52 73
67 85 30
66 85 30
33 85 9
34 0 50
90 22 93
4 52 29
25 43 42
87 99 17
29 11 22
60 1 40
18 68 50
87 33 68
46 5 80
97 35 68
69 30 7
73 99 88
91 5 38
73 66 40
29 73 17
64 8 31
24 21 55
10 85 55
17 83 72
9 44 75
84 25 62
42 17 85
51 28 60
3 58 74
65 19 3
69 50 38
6 24 19
25 74 57
18 21 50
80 42 44
89 17 75
98 45 100
2 50 30
3 55 64
19 18 77
9 43 59
52 89 38
88 10 65
82 96 49
89 26 65
62 15 19
14 34 97
38 26 13
8 6 29
23 74 49
60 16 48
26 46 99
12 73 61
54 33 92
70 27 14
85 28 46
31 79 17
6 54 2
3 79 53
10 88 54
38 0 32
40 93 53
82 77 86
48 77 20
63 86 65
14 97 22
89 21 25
20 67 8
74 39 73
13 7 19
42 83 34
0 92 50
5 92 46
96 95 70
20 30 64
81 25 63
24 76 59
44 15 49
7 32 30
40 97 20
33 77 41
51 31 26
95 6 59
25 69 85
81 63 8
46 25 70
86 89 22
36 91 77
45 16 45
48 4 73
19 44 27
80 95 32
7 76 26
77 54 4
46 80 55
6 46 90
40 19 69
42 66 9
0 88 13
83 16 50
81 96 33
44 0 18
26 13 73
14 27 46
93 76 30
62 85 5
41 70 59
33 47 65
62 83 32
34 71 30
56 58 17
52 83 88
57 95 91
59 37 60
3 42 35
19 3 83
86 31 3
88 50 68
22 62 99
80 53 85
72 50 48
97 73 97
44 23 65
51 11 60
93 27 73
24 91 45
88 44 65
76 28 19
55 89 25
27 16 95
36 96 46
2 0 94
79 70 9
96 27 55
45 6 3
56 15 81
81 1 33
44 2 10
31 50 34
35 56 80
35 96 11
6 19 63
5 82 73
36 32 63
26 23 48
16 71 88
41 24 60
40 35 76
94 61 72
35 37 63
70 14 4
45 67 73
11 45 13
25 31 75
0 58 22
35 35 61
18 64 98
59 67 92
49 63 30
60 32 36
78 41 94
72 82 90
99 77 30
48 26 11
50 65 38
94 5 73
97 27 54
61 68 18
23 95 51
56 73 32
32 44 60
19 31 56
80 1 94
28 47 87
25 97 71
78 58 36
44 22 31
38 97 45
37 19 16
7 38 81
42 10 79
83 93 65
80 88 24
1 60 85
68 79 95
96 1 31
76 86 79
48 94 40
25 89 17
50 29 99
18 9 14
52 74 91
84 37 24
90 64 60
34 92 98
95 40 73
31 72 15
47 81 96
83 13 14
27 30 71
35 75 22
36 77 96
88 16 58
85 79 85
30 40 81
2 9 26
38 65 68
94 87 31
64 83 42
48 60 96
2 27 71
79 80 89
86 71 10
60 51 69
11 95 15
17 49 86
84 65 35
67 71 23
84 87 98
95 77 93
4 72 92
24 17 36
1 16 35
83 37 37
24 25 79
48 65 53
62 37 14
9 76 48
89 15 20
32 96 19
65 82 79
14 38 16
74 29 77
59 97 1
13 94 84
68 49 49
40 49 48
96 50 54
84 79 69
0 43 96
92 29 69
22 34 83
97 0 61
69 21 78
29 1 78
61 56 73
33 41 58
48 18 12
95 80 34
84 70 31
38 12 87
38 53 21
55 19 70
79 22 7
73 13 57
87 0 71
43 81 31
55 29 97
8 39 95
28 87 95
16 26 65
90 72 47
8 31 65
30 66 81
74 35 47
45 26 16
99 18 30
91 16 5
82 2 31
33 6 73
3 85 40
60 87 70
0 13 42
49 57 40
76 82 73
56 5 24
0 98 86
5 63 28
84 99 3
69 82 26
90 30 88
16 38 86
27 34 77
66 7 69
38 51 6
36 70 22
75 5 48
34 83 58
20 58 1
1 14 23
73 17 26
41 16 38
2 48 36
87 4 27
45 77 64
50 91 99
34 86 63
50 26 38
73 30 76
62 30 19
7 71 85
97 83 63
96 37 41
16 21 54
31 96 44
8 46 11
18 14 64
94 0 33
62 62 13
59 88 56
96 38 17
71 62 37
34 33 100
94 80 93
67 36 46
6 36 41
40 33 43
57 88 85
15 35 54
8 10 44
49 81 88
22 33 94
92 63 39
51 63 79
44 73 97
57 85 42
12 2 89
14 64 57
16 72 72
38 17 4
16 94 26
5 40 40
12 58 68
84 88 92
11 77 97
76 44 24
64 33 34
72 93 89
76 77 64
46 48 84
7 58 32
3 74 98
44 59 28
0 28 87
65 74 85
45 61 35
1 34 37
7 49 14
65 78 90
68 60 97
58 33 80
31 6 68
70 12 42
48 15 21
99 85 8
12 69 51
42 28 74
34 67 40
79 25 70
67 97 72
65 86 25
80 50 35
34 74 95
40 71 88
69 38 66
22 59 4
91 96 96
98 1 40
27 42 90
64 5 66
55 55 77
43 63 26
77 73 5
5 38 55
13 84 83
92 26 36
15 32 76
97 21 92
84 54 74
49 47 29
50 95 4
34 25 58
34 53 90
75 31 78
66 26 5
37 98 66
12 89 100
87 8 20
46 14 27
28 73 43
86 68 57
14 67 35
59 14 73
78 46 37
9 42 13
8 23 43
89 74 82
85 85 78
24 52 3
29 9 33
72 81 25
34 61 46
16 57 74
72 95 44
68 52 8
75 67 21
88 73 76
9 73 76
84 91 100
71 44 10
8 26 79
66 66 34
43 56 44
66 15 68
84 17 52
17 16 76
11 53 71
49 60 72
91 10 55
47 12 49
76 83 52
0 12 12
54 58 24
71 54 29
11 31 19
19 15 19
6 49 80
70 88 67
46 56 72
43 48 61
61 84 1
9 96 29
93 16 95
37 53 76
32 41 45
76 89 8
59 13 65
87 71 18
0 15 80
15 60 77
8 7 40
79 72 99
74 37 17
72 15 10
71 15 31
49 90 33
10 43 56
77 37 87
27 6 94
49 48 32
16 51 99
14 83 49
82 99 27
89 87 13
48 72 83
2 58 91
57 9 8
38 78 72
52 5 81
20 95 99
26 65 79
41 61 55
74 91 95
49 61 51
21 68 6
77 98 11
78 66 48
84 80 47
58 80 88
86 62 68
40 96 44
21 31 57
16 95 72
81 87 52
77 65 70
59 35 12
41 3 16
15 9 78
92 41 87
96 42 57
11 24 4
10 98 87
7 80 97
4 84 96
50 19 31
26 35 11
86 84 10
47 0 82
18 78 90
99 23 56
73 74 77
94 37 43
15 53 3
17 87 35
62 89 12
33 24 35
39 1 11
55 7 43
29 63 17
11 0 47
35 48 55
17 70 78
52 51 69
39 18 19
16 77 66
93 2 89
0 16 75
32 85 63
65 22 18
59 95 77
71 6 75
2 36 56
68 42 68
36 71 2
10 67 22
86 40 51
80 5 50
49 42 28
94 68 33
36 80 47
16 67 15
5 68 16
80 34 73
68 75 90
68 90 4
99 60 67
71 26 16
50 1 51
90 84 35
78 16 80
98 98 48
65 96 31
39 36 11
14 72 59
46 69 34
8 50 11
41 69 78
2 31 67
77 81 61
50 71 61
84 84 56
71 65 70
72 37 94
54 38 48
46 24 53
19 4 51
92 50 95
27 0 23
50 56 17
62 22 56
51 14 43
7 9 79
92 33 77
21 93 38
64 66 43
34 78 74
48 6 19
14 79 45
33 76 55
49 59 62
50 67 95
30 99 64
39 68 83
83 53 56
78 10 80
72 45 24
35 3 33
84 59 36
3 61 57
40 14 23
35 92 68
75 19 79
6 33 6
88 87 82
7 36 28
78 79 40
79 55 83
72 35 2
82 32 52
89 28 98
73 15 17
44 34 91
6 55 44
63 53 85
3 93 95
37 12 51
94 35 65
26 62 60
1 97 49
59 84 3
74 80 45
1 57 49
72 76 89
53 97 94
71 80 78
78 57 64
91 14 74
84 53 70
38 7 28
10 78 80
84 4 43
12 23 93
97 17 34
55 34 97
20 10 26
85 68 25
82 64 22
85 60 44
24 38 27
50 92 46
89 78 26
64 43 8
79 48 28
92 59 89
10 72 87
99 73 99
72 54 86
14 3 41
59 49 67
77 17 57
21 3 98
83 49 48
47 97 69
94 52 88
35 82 24
7 34 42
87 18 30
23 37 83
17 1 11
94 97 3
48 49 18
31 28 26
1 39 48
6 40 50
39 99 13
32 10 47
49 94 1
58 41 43
33 23 50
27 73 2
80 63 40
47 65 84
42 98 11
66 95 68
69 43 99
7 37 1
58 2 77
53 25 19
68 66 98
88 31 31
87 84 57
20 45 54
15 56 45
62 25 69
4 55 76
51 40 63
42 69 88
17 30 42
50 38 92
95 19 64
97 26 5
9 64 93
12 40 44
28 22 16
10 27 5
48 56 3
66 42 6
93 4 40
49 64 70
52 35 85
65 83 93
61 80 92
88 54 82
72 46 98
98 7 7
27 18 16
20 36 63
24 60 96
27 13 42
14 78 68
86 36 16
63 52 52
15 40 17
96 96 52
41 29 11
26 54 4
12 38 15
25 54 9
52 46 52
74 45 14
1 96 81
11 99 49
24 32 53
87 86 24
83 9 31
92 90 31
62 98 66
11 88 19
36 67 36
65 47 98
8 70 56
87 36 55
40 58 46
49 43 40
34 19 54
93 79 5
64 75 76
90 27 34
9 7 24
61 39 30
25 36 20
74 99 44
62 80 56
34 9 13
75 97 2
36 17 35
28 48 92
83 35 58
84 24 41
49 85 95
83 66 92
44 58 34
93 42 3
28 16 68
32 39 92
88 82 3
53 53 9
42 39 53
70 92 93
30 52 36
21 73 56
63 40 59
60 83 65
11 1 10
78 77 70
13 39 99
16 80 89
77 28 81
55 82 68
99 5 12
50 24 23
25 28 88
98 63 4
31 62 62
63 46 56
69 39 58
14 22 12
76 42 43
44 94 25
21 46 25
44 72 39
79 77 64
17 21 53
58 54 83
34 65 47
63 0 7
74 70 68
38 68 49
22 28 60
43 98 24
54 75 97
44 63 11
7 78 37
19 17 79
3 77 28
67 32 32
68 57 44
55 28 36
7 44 46
16 61 22
92 77 28
23 15 56
42 14 19
21 33 59
93 34 37
6 0 8
70 49 39
98 23 1
74 55 27
65 81 74
83 31 94
30 3 73
57 56 100
64 15 80
1 80 72
41 85 81
90 44 2
30 98 79
1 18 33
98 95 33
4 7 25
25 52 47
69 84 37
43 88 37
94 82 37
35 9 15
6 30 6
42 44 49
93 11 49
96 13 9
68 27 51
87 51 99
66 65 21
97 3 67
85 74 52
70 33 97
45 69 28
23 82 79
87 76 6
23 34 94
30 43 10
65 4 89
60 97 48
3 32 25
41 50 29
33 20 70
23 18 37
38 86 74
9 54 85
96 7 30
11 86 20
86 90 34
66 31 26
37 23 30
71 41 53
18 89 28
56 46 83
21 10 68
65 92 28
49 14 97
1 22 81
45 8 34
32 64 100
4 1 12
11 8 87
93 63 60
42 93 4
60 96 62
31 70 94
6 90 98
67 35 30
22 94 13
6 37 4
93 25 1
71 35 26
22 36 16
52 60 93
74 25 33
46 13 29
55 72 64
53 72 33
86 22 85
73 37 32
97 70 24
96 75 96
93 85 16
6 41 40
95 24 92
80 39 58
45 95 19
7 24 20
32 83 5
84 62 98
4 74 16
92 1 26
71 19 70
30 11 83
47 87 86
14 9 31
29 85 76
49 98 5
42 95 47
6 78 55
63 92 11
23 55 69
63 42 28
97 6 52
1 33 22
67 29 20
11 13 9
37 61 91
65 21 47
99 30 84
29 98 50
72 52 70
17 64 11
25 76 89
89 77 34
8 36 28
36 54 46
90 55 84
27 39 82
65 27 44
35 25 80
72 71 25
11 76 1
97 23 37
22 88 77
20 40 17
29 74 69
85 86 85
72 19 36
70 91 54
93 21 54
58 79 41
77 31 72
27 45 51
17 81 56
64 27 98
90 35 7
77 0 16
79 97 74
75 37 69
92 14 21
95 38 73
81 86 13
76 94 37
75 42 40
68 33 76
0 33 8
28 52 64
77 44 38
90 39 2
94 54 96
75 68 59
7 56 77
45 34 66
58 47 29
24 27 35
19 60 83
8 65 72
22 6 32
88 15 24
70 23 50
96 10 52
56 47 24
0 22 56
52 50 23
59 9 17
51 87 17
32 84 72
86 10 17
79 83 92
43 22 78
91 69 53
97 76 21
14 68 40
96 61 23
95 9 50
77 5 99
72 16 8
25 85 55
4 41 39
20 80 89
7 72 37
38 62 7
8 40 22
56 42 74
47 90 44
15 86 11
52 27 9
15 74 10
98 86 82
5 7 97
79 91 24
86 52 29
54 90 43
23 42 75
99 35 44
8 75 83
21 4 72
68 64 24
4 81 31
2 24 40
58 86 12
23 81 6
87 60 21
88 71 42
67 38 1
48 20 63
94 89 16
74 57 5
41 39 63
50 33 57
57 0 27
96 22 49
91 88 48
32 66 48
97 39 54
87 69 39
92 34 24
78 74 76
62 17 54
77 9 89
88 34 70
13 6 49
92 13 92
75 80 79
83 45 42
13 59 37
50 48 8
1 88 9
24 46 11
41 25 47
44 98 4
50 85 38
21 97 40
53 6 62
47 23 94
13 74 37
14 43 93
95 81 79
28 90 13
18 24 99
37 49 54
20 84 69
51 24 77
98 22 11
92 3 61
48 7 37
80 0 68
45 76 73
39 12 70
66 63 88
87 27 30
95 1 11
23 17 31
93 40 2
68 25 68
91 3 61
44 17 57
48 34 84
98 16 53
48 78 100
41 19 40
18 11 62
34 32 19
30 80 41
25 63 73
76 85 62
20 81 74
11 89 82
31 15 22
24 50 78
83 2 66
9 79 59
64 6 47
25 6 45
72 42 56
70 51 55
15 87 96
1 83 28
9 18 14
95 36 44
74 51 33
15 21 37
45 21 67
81 32 53
19 81 52
16 13 12
76 2 90
41 81 16
2 83 64
23 69 42
76 29 93
79 28 52
27 79 7
82 46 39
91 66 48
45 31 16
85 56 41
94 4 92
77 60 93
6 53 48
37 68 89
12 21 25
30 78 31
82 42 14
66 13 13
65 76 33
27 46 22
68 65 57
42 68 67
83 29 28
11 66 41
99 45 19
58 74 15
18 8 57
71 83 77
28 92 66
68 41 77
86 75 26
14 55 99
38 13 59
40 29 82
54 35 60
99 28 31
73 39 1
75 99 47
50 16 58
64 46 28
74 72 1
83 60 52
13 66 59
83 48 12
15 29 31
14 91 66
3 21 13
31 56 65
89 24 16
71 50 40
51 55 38
16 20 74
82 75 30
37 72 53
92 10 83
20 29 44
4 19 63
51 12 57
75 47 48
24 23 75
11 6 46
35 1 4
21 35 12
65 44 84
3 18 74
29 72 62
75 98 81
90 89 21
4 25 37
43 41 70
57 36 48
73 48 6
41 60 35
62 59 77
46 6 58
49 34 55
61 78 93
95 85 59
99 7 12
23 16 12
92 36 64
66 38 81
29 41 99
5 99 42
28 93 69
68 14 15
84 97 26
47 49 26
12 46 86
84 56 86
81 51 55
17 5 52
3 54 92
82 16 95
47 8 70
41 67 18
49 3 44
5 59 68
42 33 23
61 41 94
58 72 59
32 7 4
69 81 97
44 27 86
80 62 38
4 50 1
79 6 23
73 75 73
88 49 33
43 61 85
70 85 77
82 31 58
52 47 66
6 67 45
2 85 34
46 72 99
73 27 35
37 75 65
63 15 71
56 25 75
58 22 43
12 79 76
12 59 1
75 39 68
56 78 95
31 52 89
25 93 93
92 84 34
43 68 9
53 61 39
33 18 12
67 96 75
75 2 22
44 54 100
44 4 4
72 36 16
52 42 63
35 47 4
86 91 9
13 80 84
26 22 55
90 76 26
71 47 29
89 13 40
78 50 48
67 61 42
6 14 29
57 77 81
42 16 2
65 54 15
93 49 29
89 32 6
74 83 44
98 2 74
22 24 8
40 87 51
70 0 38
2 44 44
20 66 44
43 31 6
0 99 31
47 51 18
21 59 97
5 19 98
66 98 71
51 93 88
82 53 47
89 10 70
60 15 8
67 62 91
99 80 38
21 40 89
13 27 19
56 39 67
68 28 94
84 69 55
71 37 42
85 1 71
50 34 84
59 26 64
68 18 22
26 75 18
69 17 75
61 63 95
86 82 61
53 47 33
43 76 60
72 99 97
28 20 92
69 89 12
70 69 42
35 28 35
17 35 60
52 38 2
0 36 56
69 91 59
73 91 77
84 96 95
81 99 97
62 31 24
10 96 79
11 25 47
28 91 5
59 83 83
11 12 32
34 15 79
72 34 41
49 69 41
92 43 60
70 7 97
71 13 87
78 6 31
73 21 77
10 47 78
5 18 92
38 98 74
47 78 2
47 36 7
3 91 25
18 95 59
1 43 66
85 69 24
19 78 24
60 50 67
68 91 64
61 94 29
98 29 100
37 78 63
49 87 90
58 49 14
91 82 32
7 31 32
94 76 92
87 46 40
8 2 70
58 67 45
93 37 40
62 6 9
85 46 42
36 10 33
85 27 99
99 94 89
7 39 56
6 97 14
47 43 47
19 37 3
69 74 50
97 88 7
23 57 30
15 12 29
92 22 32
14 74 65
82 4 61
41 37 62
58 64 12
7 53 23
39 50 42
96 79 14
4 69 27
79 32 75
90 88 83
71 21 58
93 19 63
25 26 86
70 47 82
16 47 100
87 2 2
31 44 5
68 55 35
90 80 13
21 45 4
48 76 57
47 48 7
54 24 49
34 93 97
64 52 80
50 0 92
70 3 33
98 37 65
84 89 24
11 96 20
19 87 32
9 14 71
29 97 59
83 30 80
12 45 27
25 23 41
83 4 20
66 52 27
49 38 26
36 31 35
67 34 23
12 11 9
40 77 71
85 84 95
91 12 20
60 37 38
12 33 13
94 96 93
26 5 83
64 45 21
95 44 9
14 98 70
57 74 84
2 11 11
23 35 82
78 21 89
4 95 62
49 32 62
28 19 51
93 30 19
30 37 86
22 82 11
13 37 94
93 53 57
92 4 42
20 15 19
67 94 24
65 88 14
12 34 55
46 68 42
5 66 65
76 72 69
21 20 83
57 47 9
18 71 90
74 98 55
13 65 83
99 61 23
17 25 49
60 26 45
44 12 80
35 62 17
69 86 96
77 67 91
75 15 91
47 61 77
94 67 6
44 16 74
74 94 72
79 2 79
49 96 50
0 86 70
95 97 75
36 88 59
33 99 63
50 76 89
34 43 33
5 53 18
9 85 48
99 71 100
33 52 65
48 67 67
69 60 30
10 22 26
88 57 93
62 36 49
97 80 48
65 85 19
25 82 88
46 59 45
59 98 50
34 66 71
87 57 7
52 62 70
22 30 30
83 25 19
42 3 72
2 17 74
91 57 37
60 52 34
40 63 35
19 97 74
64 96 6
68 95 59
89 35 68
50 42 19
49 36 9
94 32 46
7 20 17
14 15 92
18 13 73
36 74 85
14 71 58
74 64 42
68 77 76
18 3 52
11 50 1
40 90 86
9 89 86
77 45 40
38 52 68
52 45 58
27 61 5
53 70 40
90 33 41
83 67 66
61 59 45
28 66 18
83 20 54
85 13 79
94 85 7
61 31 84
83 11 6
32 4 70
59 92 51
4 38 26
49 33 73
39 3 16
79 0 37
42 82 69
51 56 67
50 63 83
80 96 95
18 83 71
62 12 56
18 86 70
59 39 8
72 47 15
88 91 56
39 91 32
47 72 57
82 85 84
45 85 93
68 83 38
73 18 33
81 73 73
21 92 58
42 53 92
60 99 36
63 81 83
32 92 82
29 47 90
42 49 17
51 26 95
60 24 31
33 38 81
71 90 65
28 68 99
13 48 66
44 74 84
70 52 19
69 75 47
26 98 73
50 22 57
57 44 88
74 59 79
60 25 79
26 96 64
67 10 43
20 55 85
21 30 87
73 34 22
55 42 100
32 45 36
30 16 26
40 60 41
83 52 84
51 92 89
12 70 53
15 78 78
29 6 34
29 50 41
22 77 68
12 5 14
67 53 75
91 47 90
30 57 34
51 58 6
82 51 5
1 31 47
44 47 89
55 94 8
26 44 82
52 33 30
2 61 33
97 9 90
23 91 89
35 32 36
48 41 99
41 4 18
64 79 31
68 48 69
14 33 34
24 53 58
72 22 52
79 38 67
46 55 57
34 8 39
24 16 52
50 9 39
89 98 86
43 12 10
55 80 63
83 17 33
92 57 12
51 85 54
28 77 43
54 61 38
97 56 59
23 7 89
72 70 40
97 90 25
54 47 84
20 70 69
31 3 31
56 48 9
64 39 99
62 0 84
53 64 20
85 2 85
63 71 71
29 34 76
65 0 57
54 11 80
90 32 100
20 77 31
81 16 61
81 94 42
59 52 37
59 80 14
23 8 88
8 1 98
52 1 29
46 81 45
64 16 38
55 8 73
73 36 25
36 33 81
71 60 70
92 31 97
61 36 5
39 23 83
86 69 52
42 27 41
73 35 35
38 42 97
16 82 77
84 75 48
78 96 84
81 17 98
56 55 59
39 57 96
57 81 11
81 67 49
62 39 60
33 11 87
74 88 91
37 69 23
93 28 37
79 21 72
56 18 70
82 20 69
0 79 52
0 3 12
76 90 52
69 42 5
40 44 20
18 15 35
45 7 78
12 95 61
93 23 85
75 90 86
26 27 21
74 18 17
51 96 85
33 60 61
44 93 38
83 40 55
98 9 3
76 50 70
11 5 89
96 26 24
84 63 56
72 61 87
2 55 90
13 62 85
27 83 7
38 8 55
82 82 88
87 6 31
93 75 37
40 23 38
57 32 42
83 92 50
74 40 97
63 87 13
10 75 72
28 95 23
10 79 47
1 98 91
40 7 85
92 45 67
76 95 5
53 35 37
33 70 65
77 2 6
94 50 73
92 82 9
48 91 52
4 92 67
54 51 32
76 48 90
50 32 7
21 49 57
86 66 10
2 86 17
78 35 67
14 10 22
26 82 67
95 23 48
33 46 15
58 21 47
17 47 25
97 98 13
26 91 17
73 68 73
15 45 80
58 46 56
80 8 70
18 98 26
76 58 38
31 16 12
72 17 46
39 95 24
73 0 58
95 26 2
10 32 65
46 77 11
76 70 92
50 99 93
61 19 98
4 86 42
66 29 46
64 20 5
66 33 77
32 55 40
13 9 70
89 0 36
0 41 22
20 86 17
42 72 100
18 79 99
42 24 22
61 27 2
54 41 72
45 74 78
33 34 73
93 77 77
14 42 61
2 94 76
57 28 65
91 32 35
13 25 43
66 28 39
27 84 22
29 80 32
45 38 71
55 62 99
3 31 73
74 58 85
81 28 88
8 9 23
27 31 64
91 33 34
28 40 14
84 92 83
13 92 88
10 90 84
26 12 61
35 59 22
99 83 53
86 41 29
88 56 51
47 76 22
16 96 20
5 0 29
95 13 42
92 47 81
73 65 39
54 52 20
60 27 11
50 58 2
98 34 25
0 9 56
74 19 71
23 38 98
73 4 59
31 83 34
23 65 26
33 49 36
92 25 48
99 47 51
78 71 96
62 20 54
56 26 94
41 32 35
65 64 17
89 72 80
50 8 6
32 62 30
11 37 11
52 67 48
65 42 69
98 47 9
52 94 98
88 53 59
90 25 86
11 73 2
63 14 25
44 25 33
23 64 73
79 50 67
26 99 30
63 3 56
63 35 44
55 40 76
25 32 92
68 11 17
26 26 92
17 73 95
42 13 78
61 38 45
83 72 68
29 19 89
32 24 93
35 4 42
36 47 86
40 32 18
72 28 49
49 22 93
73 93 35
59 28 61
38 1 79
64 30 68
47 18 10
41 34 37
22 85 84
7 13 75
1 77 12
38 56 37
9 33 76
81 24 15
41 54 19
62 40 88
72 44 32
73 31 80
92 2 48
88 85 93
41 51 79
6 45 99
0 19 75
52 57 37
16 70 3
18 88 73
48 71 53
15 23 56
24 48 31
95 7 17
5 79 19
1 37 78
70 28 91
90 57 46
49 66 54
98 79 8
8 98 98
36 9 100
87 52 39
9 77 66
99 43 20
76 18 28
59 21 47
80 4 39
87 58 16
5 51 94
32 28 77
27 50 73
14 7 38
13 35 89
12 30 32
18 41 46
69 96 66
17 66 31
42 71 13
14 23 92
5 57 33
50 45 8
86 11 81
49 15 85
34 70 2
11 2 27
69 46 2
2 68 76
63 7 2
69 57 60
64 78 21
77 78 27
84 15 100
72 10 86
10 60 84
99 96 62
85 32 2
46 16 14
86 28 43
50 81 36
68 86 60
95 5 14
23 52 4
71 28 73
96 85 7
73 20 15
63 32 53
64 11 65
29 70 49
20 12 34
80 90 88
36 59 72
77 63 21
67 37 82
42 46 16
37 36 17
80 84 29
38 59 59
92 79 30
94 11 2
33 73 24
40 75 25
88 90 30
18 42 5
34 89 92
21 66 4
13 82 59
75 63 26
46 62 43
77 82 20
67 56 28
76 49 33
30 94 73
22 23 65
49 65 73
89 62 61
36 3 92
0 61 62
73 14 19
9 70 3
47 96 23
26 42 41
29 15 16
1 24 20
9 95 64
80 30 13
17 22 24
2 69 98
66 48 15
61 29 90
2 71 88
13 34 18
91 18 33
65 9 45
38 34 100
15 59 68
15 28 9
92 8 79
91 48 36
66 24 84
3 96 55
52 93 64
56 88 81
33 14 77
75 88 28
40 41 58
36 1 74
59 50 16
48 86 67
58 59 19
44 20 8
1 74 93
24 3 96
6 34 27
1 36 1
86 59 61
62 87 90
32 30 24
37 84 32
28 11 52
48 96 92
61 61 19
85 87 26
45 57 93
43 69 59
29 75 61
77 57 99
51 60 82
90 45 35
83 73 91
42 84 33
30 21 72
42 92 3
3 6 83
60 0 45
49 92 64
67 28 68
43 2 57
0 5 95
87 54 99
54 98 98
12 53 24
14 73 63
56 56 48
50 2 49
77 50 28
58 8 33
56 99 80
22 66 99
69 70 51
49 12 12
58 18 89
3 89 75
67 12 30
34 4 91
23 94 43
29 45 40
65 95 5
72 57 21
19 50 2
71 29 51
75 3 94
17 80 68
13 1 37
89 31 73
62 23 28
90 56 83
83 62 61
31 51 3
27 65 5
5 88 74
57 65 10
27 96 6
60 5 60
32 75 43
70 55 68
17 69 72
25 65 53
3 8 23
51 73 81
66 72 31
18 39 55
99 75 34
53 42 84
41 68 30
59 44 9
92 62 76
21 17 11
25 70 26
91 11 74
76 13 100
37 80 17
36 85 20
51 83 44
15 8 55
45 22 50
51 34 43
16 64 7
94 47 90
30 26 72
46 83 71
88 18 98
70 11 23
20 2 68
37 85 46
70 44 55
96 31 24
67 47 31
17 39 88
56 10 89
9 84 66
49 27 73
35 17 70
30 64 43
69 27 68
90 19 65
13 28 63
68 80 65
4 79 13
7 73 9
49 82 24
2 30 60
17 50 20
3 30 59
55 27 94
6 29 16
5 5 81
29 88 99
93 93 76
42 19 21
24 19 96
55 38 62
33 79 84
24 57 59
46 47 19
78 9 5
11 20 87
14 12 92
21 42 74
57 51 66
38 87 70
85 47 7
69 7 74
3 5 58
19 42 28
82 66 66
72 69 92
10 58 92
18 53 41
79 35 97
56 81 61
3 60 13
73 77 74
63 2 21
77 80 75
12 76 75
79 54 80
8 28 8
24 11 96
8 41 94
24 95 49
75 14 30
62 41 70
30 50 70
20 96 22
68 68 38
8 97 60
12 85 61
30 86 64
91 24 6
10 66 60
56 27 81
87 95 39
25 3 33
71 31 97
11 92 79
27 63 80
86 54 91
68 17 55
26 29 90
68 94 96
79 73 84
52 31 23
49 75 66
96 56 55
72 85 72
27 53 18
41 55 28
39 37 42
39 38 26
80 83 50
24 93 81
93 94 18
38 38 96
3 15 47
13 18 31
40 73 48
41 96 90
94 7 58
39 32 33
12 6 97
83 78 50
36 14 75
81 22 58
71 55 63
55 65 4
75 4 4
27 25 36
57 83 18
97 72 21
3 97 62
76 43 46
18 47 24
14 26 82
28 60 74
11 19 85
43 77 30
4 29 89
97 97 87
63 57 58
9 16 43
5 87 52
1 7 7
94 77 51
80 52 18
8 60 31
90 51 74
44 56 100
6 52 55
51 30 68
79 18 40
40 76 22
56 91 84
45 52 74
76 65 62
49 88 24
50 57 88
53 88 24
45 29 31
72 38 49
22 95 6
7 63 70
67 72 67
77 14 31
46 52 64
46 93 75
99 9 25
85 15 14
77 89 41
85 61 49
32 14 95
48 25 70
90 37 31
1 0 71
75 55 99
41 91 82
84 95 53
22 40 39
1 6 34
2 75 39
13 0 63
24 87 82
1 49 13
39 82 37
8 62 14
81 90 8
19 26 2
7 82 56
78 27 11
17 65 3
28 59 30
97 33 90
52 9 40
43 9 43
93 38 98
98 89 78
4 37 21
32 38 83
78 88 86
42 40 29
81 56 58
80 25 59
50 46 44
35 44 76
38 35 28
78 59 46
3 14 33
7 93 52
22 14 67
97 92 48
44 91 65
13 14 19
83 15 67
40 13 82
42 59 11
80 94 62
13 38 20
76 32 36
91 83 75
27 20 88
38 55 71
74 41 90
55 66 5
76 57 99
97 81 65
63 98 33
43 17 26
55 96 6
93 51 93
22 76 19
87 98 34
51 52 33
79 99 43
92 52 63
13 40 35
0 95 77
10 17 41
92 96 46
96 48 67
16 60 84
92 73 50
8 22 58
11 94 80
31 88 8
34 82 29
90 58 30
96 11 84
98 60 23
33 13 36
4 83 38
0 70 72
69 22 9
81 34 10
18 57 46
19 9 40
40 15 11
74 61 27
34 24 42
51 5 3
71 59 64
76 38 62
86 15 41
86 0 25
13 54 71
64 73 4
34 50 6
24 51 78
95 96 10
55 78 13
89 84 3
62 86 76
29 60 53
84 77 72
84 31 25
34 54 71
2 37 52
79 61 20
2 45 13
71 68 74
90 70 44
41 89 99
74 53 58
89 22 72
9 56 62
25 75 90
62 53 1
92 85 33
82 8 62
70 56 64
19 55 7
9 71 37
60 60 6
93 80 96
26 69 54
1 66 63
17 12 91
70 46 43
24 61 82
10 71 44
42 29 58
46 44 35
41 86 91
80 2 40
86 92 98
24 43 13
43 32 40
12 19 1
36 84 94
36 12 13
88 88 15
35 51 73
11 22 10
35 73 81
49 40 90
76 25 46
85 93 19
17 26 9
69 47 49
84 51 31
23 36 63
29 13 84
59 51 64
26 25 48
74 1 73
69 69 18
20 82 61
30 31 34
41 46 92
33 10 3
5 9 8
24 56 29
35 90 55
65 65 9
47 30 2
98 72 84
21 39 8
16 68 84
4 14 42
26 94 47
45 45 63
87 72 59
37 47 41
93 41 69
53 5 22
61 40 56
44 9 54
78 17 100
93 1 53
65 50 75
17 97 68
95 79 47
81 6 77
48 98 54
43 4 39
66 27 25
84 8 100
85 4 66
69 45 44
37 5 82
13 44 90
47 93 80
8 13 58
85 67 18
86 74 47
20 50 2
14 49 80
92 74 38
72 40 42
4 58 76
75 96 5
94 66 93
27 37 53
91 27 43
15 46 1
96 90 33
39 40 78
21 69 59
75 70 37
11 27 35
2 12 86
88 42 30
28 31 98
51 25 40
4 49 83
8 67 88
2 54 30
79 62 9
61 58 62
80 85 40
89 93 12
56 8 1
12 50 62
97 58 29
33 65 17
89 60 24
38 15 8
96 51 41
64 38 37
95 61 98
23 44 37
27 80 90
35 87 78
8 94 27
94 43 76
58 5 57
69 85 40
69 95 62
82 92 92
80 26 69
38 31 29
26 41 6
7 62 68
35 24 87
81 88 74
45 42 56
22 80 45
84 66 18
82 61 11
9 50 42
14 0 38
10 34 82
84 41 13
14 56 89
89 29 30
50 7 58
34 94 55
76 33 49
84 0 74
42 9 90
35 53 25
93 95 66
22 44 12
87 38 20
88 92 15
73 16 46
17 90 39
23 46 29
61 25 31
97 28 85
6 96 80
40 1 97
6 85 15
37 42 49
75 27 15
22 17 94
4 24 14
64 51 66
31 58 10
34 30 41
80 92 48
83 51 54
83 50 39
1 61 75
10 77 59
24 31 83
98 43 23
14 48 28
96 82 37
63 41 70
15 64 23
77 10 9
90 2 1
87 92 52
81 45 94
54 65 99
52 85 68
15 99 40
81 58 50
74 69 85
35 83 6
28 71 79
88 45 37
8 42 9
88 98 69
78 3 37
96 93 20
48 29 28
74 3 31
69 5 45
52 26 9
54 77 60
64 86 44
19 19 29
41 58 72
33 12 86
93 31 97
47 60 17
0 84 41
21 34 82
24 4 57
43 8 21
73 52 89
61 0 44
63 9 10
89 48 54
50 5 100
91 72 78
76 35 42
37 27 7
31 23 62
64 50 92
95 4 40
17 63 16
57 19 39
22 7 69
34 37 25
27 68 45
81 78 11
57 71 85
18 77 56
68 47 10
53 13 86
28 12 58
97 48 21
11 56 34
87 73 19
84 29 13
57 79 53
90 6 40
99 37 12
97 89 10
54 57 96
31 9 54
63 29 19
39 46 34
7 98 12
9 93 26
88 62 86
6 70 39
30 58 74
31 64 15
44 89 80
22 41 14
90 17 42
57 2 33
97 18 39
58 39 89
1 25 75
53 98 3
81 47 26
34 41 27
76 60 7
60 72 53
90 65 33
23 53 29
82 48 53
96 32 89
83 23 18
73 81 11
85 92 16
17 55 27
67 14 79
18 23 32
36 6 64
55 58 97
1 65 19
11 64 34
73 24 24
32 47 3
51 66 4
60 94 99
53 50 78
26 18 33
68 71 47
24 68 91
9 24 18
0 55 32
35 80 45
10 48 42
84 98 23
73 45 64
97 93 84
4 6 79
17 6 16
63 69 86
48 44 51
16 27 63
30 56 11
47 6 89
73 42 93
26 67 97
91 43 45
88 78 26
23 27 11
50 12 22
99 51 28
88 80 2
19 41 61
53 57 57
13 4 25
23 49 43
88 7 43
84 68 99
87 50 38
72 98 17
26 19 19
31 92 2
38 33 94
65 51 54
57 48 98
78 12 29
39 72 8
70 68 16
61 17 55
66 78 63
96 54 40
43 54 61
89 68 54
57 86 49
8 87 87
23 98 29
16 84 61
46 28 95
72 21 84
26 7 33
83 42 15
6 20 47
5 50 48
10 44 16
86 65 34
54 19 15
59 68 77
53 26 85
21 62 55
48 59 30
92 66 100
27 67 64
71 3 63
43 19 56
30 84 91
64 32 88
26 81 29
12 7 66
5 14 69
25 50 74
36 61 49
87 48 21
76 46 100
34 87 62
9 55 31
62 97 52
14 70 33
14 29 13
89 90 17
27 15 17
6 47 9
63 26 87
76 66 8
98 57 12
99 32 96
87 97 19
87 78 31
79 81 87
99 81 47
94 34 33
20 51 83
72 7 15
35 19 58
48 58 52
63 83 64
69 72 11
29 2 7
58 17 76
52 39 91
25 17 75
14 21 68
29 3 4
7 42 39
52 4 64
93 66 32
25 66 74
65 5 79
84 73 95
97 55 39
1 75 53
43 96 76
4 13 81
14 19 79
66 22 34
7 1 5
7 0 50
78 97 41
12 42 85
39 65 58
37 88 84
72 12 8
74 62 80
78 75 68
11 90 15
77 94 98
82 24 24
83 41 73
43 78 74
70 36 45
41 56 15
58 66 78
33 45 26
98 50 39
88 19 70
9 32 55
51 80 73
73 59 23
17 96 27
58 25 23
59 8 86
20 33 6
89 47 68
95 50 1
99 97 16
25 90 16
24 40 75
9 19 91
68 72 16
80 9 22
20 4 4
58 99 27
6 26 32
56 41 10
91 56 99
58 62 68
87 17 10
59 72 61
20 20 18
65 94 63
99 92 14
75 50 25
81 62 85
20 8 37
63 61 96
60 41 64
33 62 87
6 9 56
64 61 59
10 4 77
59 58 42
83 88 71
23 67 58
59 61 22
35 10 22
90 18 88
13 90 53
38 96 35
87 59 88
68 26 54
90 67 37
3 13 62
49 53 47
27 98 92
79 14 78
99 33 15
42 45 52
86 8 3
97 67 83
21 85 37
85 36 56
72 48 31
77 11 55
97 38 6
35 54 74
69 71 68
21 23 67
38 70 26
63 30 86
55 84 90
33 37 58
14 35 14
8 12 82
7 54 69
18 66 24
22 75 13
37 60 65
51 88 11
33 4 76
14 80 66
20 61 66
1 87 74
95 51 55
91 61 54
53 63 12
11 65 18
47 22 75
39 34 80
64 48 59
79 68 12
46 18 98
5 78 79
91 80 38
74 32 63
90 86 88
97 54 16
72 32 36
29 76 48
13 2 23
43 71 89
89 83 95
84 1 47
98 8 7
62 24 93
77 27 82
28 96 58
13 78 95
37 89 19
28 65 2
57 40 61
22 58 29
13 57 76
41 40 77
60 20 75
2 34 86
48 5 41
1 52 14
24 41 87
17 86 52
34 14 29
23 90 10
86 26 88
26 33 31
60 81 68
77 7 63
59 36 69
42 12 99
36 11 14
85 21 5
92 37 25
96 46 100
69 2 23
74 22 6
66 3 73
59 23 22
0 6 21
21 12 14
24 71 68
43 23 9
11 40 46
78 22 19
71 52 85
79 20 43
4 66 72
98 5 66
22 73 55
89 44 43
60 49 52
65 15 42
13 75 4
88 43 8
44 40 90
25 77 75
72 86 32
32 15 36
12 93 56
55 12 35
53 89 70
62 1 55
78 93 98
3 56 69
96 43 42
36 89 9
89 69 14
89 57 17
28 13 42
26 89 57
93 44 78
59 20 5
85 91 91
82 21 83
79 1 22
11 85 26
31 21 86
70 42 92
65 32 100
30 83 16
38 9 93
22 56 98
57 29 60
99 70 69
90 99 16
4 54 34
72 23 55
97 63 39
42 58 39
18 91 21
17 9 21
42 22 68
82 36 92
25 18 13
20 60 50
60 95 2
83 74 3
60 30 14
92 60 98
0 17 46
79 64 81
22 53 93
17 42 62
56 98 18
25 46 25
39 77 12
2 73 54
77 21 62
53 27 71
43 62 64
1 72 27
46 37 64
27 3 76
94 8 34
13 98 30
62 72 57
53 48 7
29 26 11
47 62 84
82 54 6
53 7 49
75 72 95
54 67 32
74 67 94
40 27 62
7 91 89
3 72 93
2 13 66
13 69 20
81 35 64
95 29 83
34 10 64
57 97 58
48 42 19
79 8 41
89 81 37
17 11 95
7 33 51
3 20 44
73 92 10
65 73 39
61 14 4
61 44 20
95 68 9
30 90 3
68 3 85
56 95 68
12 88 59
29 68 68
72 64 51
75 74 48
53 23 27
94 40 27
97 34 9
26 63 20
60 69 83
62 44 91
98 4 38
8 34 42
17 4 12
68 21 5
30 53 76
39 5 31
64 10 92
65 12 18
75 26 46
40 81 83
14 30 3
13 83 24
36 57 98
56 50 60
23 75 54
88 75 11
80 80 9
31 75 64
39 49 63
46 82 38
74 96 1
27 75 43
83 1 48
63 50 27
44 67 37
76 61 72
67 31 100
53 36 96
18 48 3
11 68 26
4 47 21
95 0 91
91 38 87
25 58 65
3 2 33
10 93 97
60 19 6
97 84 11
87 21 46
88 81 14
33 72 79
16 17 23
50 80 24
10 65 89
16 75 91
27 38 52
85 7 71
36 95 86
19 77 67
0 48 12
7 26 22
53 40 51
81 11 67
22 46 81
79 27 64
53 0 45
96 3 12
65 59 31
29 91 21
77 3 51
89 52 99
93 24 61
61 42 95
17 32 36
62 28 29
61 28 56
67 57 41
16 35 60
35 99 1
54 92 39
45 83 47
81 29 35
72 49 45
40 67 37
24 2 65
19 10 61
36 49 10
89 56 73
56 85 8
11 4 75
1 27 85
17 94 52
59 11 35
52 75 22
8 38 68
72 25 93
26 66 45
6 74 50
54 63 58
16 0 23
73 79 62
21 48 57
69 28 68
9 83 75
11 17 59
28 70 88
58 24 45
83 26 94
14 85 77
47 24 20
87 32 57
51 3 84
66 19 94
8 14 8
94 88 1
13 45 46
56 45 34
56 79 81
37 82 97
28 53 94
35 68 60
41 26 28
85 57 61
65 79 71
77 55 96
71 9 77
39 90 21
10 0 5
35 6 28
75 76 82
25 7 41
47 80 11
36 30 54
93 22 6
76 4 72
70 8 25
71 96 60
15 72 37
23 96 88
24 22 44
41 14 88
93 45 84
16 79 34
52 58 25
53 83 1
36 15 90
87 23 67
19 74 69
59 96 1
89 96 71
82 19 58
15 2 64
2 6 43
80 74 22
57 53 40
70 61 9
0 10 48
4 90 99
70 80 90
80 87 32
61 57 68
10 39 58
12 68 23
67 67 67
65 37 77
91 46 55
15 84 18
12 98 83
98 51 11
77 83 10
82 49 19
20 83 35
7 90 30
81 89 80
75 58 25
27 64 79
91 31 37
41 38 24
68 84 93
78 23 62
34 73 18
89 14 8
54 5 90
19 69 29
76 30 15
80 64 91
67 43 64
26 83 34
39 33 39
39 67 24
96 0 62
45 94 77
5 27 69
39 86 35
28 42 71
29 52 93
75 81 70
20 98 28
52 86 64
0 62 77
56 87 51
28 17 38
47 98 43
93 88 9
13 55 58
66 97 68
18 36 32
8 79 89
4 70 22
5 86 56
78 39 1
80 44 88
94 23 27
94 69 89
53 68 66
50 28 66
45 37 8
22 78 35
67 79 25
42 43 24
46 22 6
5 30 86
44 38 35
69 4 80
10 33 46
83 56 39
1 12 4
70 79 45
32 81 44
16 76 25
13 33 32
83 82 59
10 1 74
81 60 49
8 57 89
48 35 90
90 3 70
86 6 52
38 79 61
36 83 72
38 84 60
84 22 99
26 92 24
60 34 14
46 54 94
3 53 39
65 39 59
21 36 36
11 82 57
1 78 20
7 6 100
18 58 13
19 83 94
91 50 16
28 34 15
75 49 27
93 36 84
78 15 67
83 34 12
83 81 26
36 2 67
91 91 57
17 53 81
68 37 65
68 31 2
72 58 40
85 42 74
57 60 64
58 93 80
76 27 78
95 76 10
32 59 43
22 91 88
85 37 68
82 29 37
62 67 17
26 17 25
28 9 34
72 87 91
73 51 34
92 95 41
86 49 40
32 0 88
4 46 61
25 14 33
54 80 6
46 42 37
73 8 66
75 23 19
3 27 60
68 5 76
91 93 10
33 87 60
41 7 85
90 40 25
14 1 22
36 87 9
49 51 14
17 34 39
31 32 31
57 99 5
33 25 54
52 3 72
97 47 1
36 8 81
49 78 95
49 99 62
11 44 30
14 95 89
82 58 57
80 91 58
42 48 49
84 40 71
80 86 58
2 35 31
87 80 81
44 88 54
81 65 99
95 99 94
48 21 100
54 6 94
31 63 52
36 75 47
8 80 19
42 47 45
94 16 82
30 28 10
55 53 17
64 89 64
76 80 70
21 76 100
70 5 19
25 80 82
60 62 66
24 7 33
90 28 51
67 86 69
85 34 58
8 81 73
54 18 27
92 39 43
85 25 73
70 65 65
6 57 23
22 52 39
30 51 44
96 14 11
26 74 63
80 13 53
78 34 50
54 64 33
88 51 11
68 34 74
82 98 29
75 71 70
50 83 85
39 20 73
7 86 16
30 33 1
24 47 69
49 46 91
14 32 17
3 78 13
35 39 87
91 53 67
77 84 83
51 98 82
72 51 69
29 33 100
98 21 13
71 33 14
33 81 94
62 77 78
67 84 19
26 70 27
4 93 9
87 9 29
80 76 76
54 70 29
85 35 73
11 59 83
82 71 74
68 16 42
34 68 37
86 3 15
72 20 82
42 85 4
85 83 64
68 78 1
91 26 2
86 33 96
82 73 4
78 45 23
60 73 34
76 41 21
25 72 94
43 94 3
73 22 80
48 8 86
79 36 81
34 12 94
43 11 77
82 47 68
65 49 53
88 32 14
10 2 76
63 43 41
58 10 82
17 29 63
91 30 55
38 19 37
22 92 51
38 44 81
78 49 97
89 19 36
71 66 61
5 85 64
89 71 46
96 81 55
7 69 75
85 51 25
45 18 51
4 57 93
57 10 67
96 87 68
94 45 100
52 63 52
9 11 10
47 9 71
31 97 59
50 53 99
81 68 68
95 53 71
66 70 63
63 67 69
50 50 86
36 29 60
4 11 37
35 70 84
25 45 33
78 68 11
31 74 100
70 53 41
33 16 29
26 88 71
60 11 40
97 4 81
75 12 2
25 95 59
79 74 82
5 74 72
27 86 13
12 71 43
29 14 68
34 72 63
39 0 76
4 31 66
49 9 1
62 70 84
47 95 4
43 10 26
15 62 8
29 0 70
20 23 68
46 39 71
17 51 37
68 73 98
30 19 58
74 46 73
86 58 72
45 51 34
24 28 19
45 56 83
75 56 73
16 52 62
16 50 43
1 55 98
34 56 100
67 95 37
33 80 4
52 82 66
86 60 88
98 28 42
67 5 36
55 47 13
57 93 97
48 30 67
52 70 5
56 66 21
75 73 74
50 60 10
63 17 57
31 45 56
95 41 78
59 63 87
27 76 35
0 34 44
36 90 51
38 76 62
18 30 55
74 49 38
6 12 40
85 31 25
0 75 35
22 42 25
70 24 27
86 34 82
17 19 62
12 1 15
94 24 23
59 62 26
34 36 62
27 24 12
11 80 93
70 82 54
53 96 46
65 61 100
59 64 76
72 30 97
67 16 35
93 46 58
6 5 66
51 90 22
50 86 66
91 98 2
65 36 100
5 31 72
1 20 29
42 6 88
41 79 68
79 44 23
79 16 61
27 9 9
60 36 24
0 97 45
10 5 28
88 86 79
32 71 20
22 39 60
37 79 79
27 27 88
85 40 72
58 42 35
7 61 64
40 2 37
45 73 11
10 49 20
33 53 98
32 31 91
84 11 4
7 68 10
93 68 10
94 31 52
5 70 78
54 1 22
18 32 58
59 12 15
2 3 21
26 24 57
26 36 62
75 13 34
72 8 11
76 79 75
99 99 100
5 12 38
71 82 15
3 50 9
50 47 77
33 57 25
43 20 94
32 12 26
2 72 100
90 52 70
39 78 62
74 56 3
95 39 42
20 92 88
16 45 49
4 63 80
19 72 77
69 73 52
9 51 94
28 7 37
57 8 20
62 99 96
11 10 39
17 27 73
68 69 92
33 95 99
71 73 42
87 94 90
91 71 89
64 26 79
1 38 16
37 56 100
3 35 99
7 17 39
11 32 84
74 10 93
39 13 20
59 43 44
16 62 35
39 39 78
51 54 66
61 10 82
42 8 35
2 89 97
21 70 23
49 19 57
67 27 48
41 5 30
4 56 66
56 32 32
56 23 81
16 74 89
87 66 59
15 16 23
47 58 1
79 41 100
46 4 25
54 16 96
37 55 84
26 40 17
34 38 36
74 44 55
76 7 44
90 98 44
39 63 67
47 40 39
13 73 85
80 38 84
73 96 41
28 51 22
6 82 4
9 48 34
22 29 39
35 63 7
9 5 75
88 55 83
53 14 41
35 71 44
51 47 7
48 92 57
97 43 41
85 96 81
57 45 12
13 13 35
8 69 71
12 62 33
31 59 30
48 17 69
8 37 5
55 16 17
26 30 54
54 60 60
62 51 28
65 68 26
36 73 100
44 71 86
55 70 50
39 16 31
10 59 65
7 22 91
7 77 63
89 36 12
67 49 83
76 52 42
97 29 55
80 31 60
26 58 26
97 11 68
23 88 22
79 52 86
5 33 21
37 92 52
64 59 14
38 43 74
59 15 96
42 89 59
50 23 54
92 35 6
61 71 74
6 95 39
56 43 53
88 8 18
5 13 62
8 17 74
73 76 96
87 24 58
51 22 9
28 89 46
41 66 35
24 83 42
47 42 49
85 41 45
62 26 29
55 90 4
80 81 85
65 67 37
77 16 38
57 58 12
33 94 15
34 29 72
72 53 78
18 40 39
34 58 83
32 93 99
81 66 81
29 82 61
10 94 96
85 39 47
78 94 58
85 99 65
36 65 21
12 39 43
60 75 99
44 24 98
80 19 84
53 28 69
50 37 41
79 23 37
93 5 90
1 95 17
45 20 34
65 43 65
46 23 38
0 4 30
66 68 17
3 4 37
77 86 11
18 7 7
66 69 89
64 93 95
70 26 53
53 94 16
97 8 45
77 4 84
52 97 82
61 4 49
87 42 63
5 37 74
90 46 16
69 55 100
52 13 1
80 77 82
64 63 37
36 66 70
37 48 6
76 69 85
88 38 10
83 63 68
99 12 30
40 61 29
15 95 88
53 82 28
84 72 95
22 96 9
64 53 5
46 9 9
88 36 45
37 83 36
13 96 6
85 64 36
50 31 72
9 31 7
29 29 86
28 83 34
67 58 37
58 81 70
29 81 45
64 47 14
38 45 70
96 58 42
7 19 75
58 61 17
37 21 38
36 76 34
33 39 80
34 55 3
94 94 48
20 22 30
94 84 39
96 18 14
51 49 44
47 71 41
66 43 11
29 61 59
58 34 44
26 68 2
49 67 71
71 95 66
67 87 86
90 16 45
21 9 86
93 83 38
51 46 20
31 7 13
40 9 76
94 12 52
87 70 17
42 37 87
16 44 21
71 53 75
65 35 12
51 94 30
9 82 16
82 83 60
46 90 59
33 92 58
32 2 30
43 58 6
61 30 31
44 78 32
63 21 11
58 69 22
64 99 1
17 3 90
97 40 91
7 40 77
85 94 81
81 95 27
76 84 50
52 59 17
96 21 77
58 40 22
87 82 33
10 31 6
82 87 55
35 43 47
35 85 88
99 69 18
4 0 17
5 3 6
51 78 7
5 25 15
50 75 90
34 51 69
98 62 18
92 76 7
83 54 17
23 79 56
17 40 29
61 73 21
63 75 51
86 24 85
53 74 59
64 88 34
2 52 8
31 55 97
16 89 46
95 8 65
12 96 62
55 32 65
94 1 55
6 4 90
2 28 27
84 64 93
37 62 2
20 64 12
35 18 14
36 81 64
75 69 83
2 84 91
51 10 61
72 31 81
97 52 59
29 99 86
25 33 57
87 14 23
49 6 7
51 81 22
66 59 90
12 87 7
18 55 82
53 65 28
89 75 87
38 92 33
51 59 19
76 21 35
87 20 15
42 90 71
11 60 60
79 49 70
36 41 49
16 31 63
31 0 41
99 90 99
75 25 47
61 21 30
59 54 10
2 39 37
56 92 72
79 11 25
40 37 44
34 85 36
5 28 97
16 41 13
13 71 44
0 20 1
62 58 63
60 12 45
1 63 55
62 4 72
5 36 23
46 40 10
13 51 30
31 17 22
1 69 73
94 92 96
93 59 65
5 61 27
40 25 23
5 48 25
3 41 31
76 12 59
2 15 92
77 22 38
99 42 63
15 17 25
38 32 42
46 2 88
21 74 35
25 49 44
38 71 94
11 57 38
93 39 63
41 92 62
52 99 55
83 71 90
24 54 67
65 1 79
13 89 1
31 78 62
2 19 16
57 69 65
35 5 95
33 74 39
26 64 82
67 69 63
36 64 17
29 66 61
56 44 34
67 70 85
48 14 54
10 68 47
86 47 21
74 92 63
47 28 11
46 87 92
24 30 9
90 77 19
44 86 98
24 42 85
19 71 92
9 53 93
60 42 40
30 87 26
54 34 55
8 95 78
88 0 15
40 82 97
32 46 16
11 30 77
27 29 72
5 54 7
52 29 57
75 36 19
15 85 42
89 70 97
30 65 23
40 62 2
96 97 51
25 48 43
64 2 41
36 60 24
83 96 47
92 71 95
12 16 59
72 5 4
31 73 2
15 18 68
24 37 60
50 90 26
52 87 31
24 84 71
35 60 63
59 24 98
95 42 74
52 84 43
61 37 64
29 79 15
51 1 75
51 39 11
45 82 8
55 37 90
93 29 72
51 65 21
20 14 98
9 0 20
52 78 62
16 28 87
15 70 81
3 12 79
26 37 29
50 13 64
25 79 95
35 22 90
68 20 50
67 8 88
56 64 42
77 33 76
85 11 56
71 64 98
58 1 38
59 33 90
17 76 52
60 71 22
70 96 32
92 51 72
54 88 63
38 50 36
31 14 13
62 54 43
18 62 40
28 57 47
89 51 29
69 12 91
58 95 86
94 72 17
64 77 46
95 78 99
40 89 98
94 33 88
4 40 80
61 65 21
75 87 97
55 51 80
65 90 16
45 33 59
72 89 14
66 39 76
46 97 49
4 71 74
96 71 62
0 74 83
89 2 29
1 15 25
40 68 16
56 7 10
99 11 79
7 87 93
39 98 61
4 65 95
60 2 5
18 56 39
80 61 9
74 16 76
74 0 10
56 57 60
67 52 48
43 33 69
19 43 57
76 10 96
9 10 4
58 13 29
98 0 45
55 61 74
78 78 49
86 5 86
36 0 49
3 33 10
25 84 9
15 79 31
33 68 36
50 41 93
18 97 26
58 7 11
42 5 94
43 40 46
28 50 31
75 57 41
63 37 58
35 34 22
53 92 69
54 93 1
22 49 10
30 25 47
45 41 66
82 38 95
27 5 17
63 1 66
26 48 70
98 87 15
37 34 14
42 70 66
90 23 76
9 91 95
95 72 3
53 62 14
90 82 91
78 90 83
19 66 54
65 8 79
54 94 27
12 75 18
3 82 62
33 48 23
9 9 3
35 49 14
72 91 44
23 84 69
8 66 73
29 95 36
34 5 79
81 42 14
7 46 66
90 26 41
98 71 29
27 55 38
22 61 71
29 90 68
66 46 38
17 99 36
21 63 46
39 6 60
26 6 75
19 5 21
93 69 53
74 76 38
35 74 59
64 81 23
77 95 86
66 4 62
70 21 97
28 64 29
35 79 45
78 19 28
80 22 65
57 14 18
45 32 98
15 3 54
74 27 46
30 96 54
81 98 65
85 45 6
77 19 58
45 87 20
80 72 13
13 24 43
70 16 97
83 85 99
61 26 49
21 5 58
66 79 60
53 90 65
6 63 75
90 94 19
63 27 87
25 60 24
15 39 37
15 54 64
23 50 97
76 91 33
47 34 6
13 21 83
16 11 85
6 71 22
38 72 1
40 20 62
9 99 54
8 54 29
75 0 10
76 98 24
2 98 57
26 79 38
71 42 18
94 98 85
14 11 38
59 78 45
90 93 3
98 10 72
53 19 72
43 6 45
35 33 41
1 17 35
89 53 30
0 49 11
12 28 74
12 12 76
37 1 58
30 8 81
43 27 28
10 45 4
15 77 55
91 51 79
45 5 7
38 29 7
61 6 6
54 40 86
64 40 55
64 67 17
6 21 65
59 47 85
5 16 26
73 84 10
2 97 95
74 52 99
42 57 43
63 64 11
40 30 92
25 47 13
31 10 58
56 63 15
4 4 59
27 66 88
52 81 89
86 7 53
62 34 63
13 43 56
68 56 51
94 27 24
79 9 9
93 55 13
10 80 50
43 28 69
46 34 46
67 80 41
43 65 22
30 41 54
20 48 33
99 4 79
48 1 89
5 90 27
99 17 13
93 82 51
46 49 87
22 70 25
18 82 88
95 83 56
89 55 65
84 44 5
78 60 50
57 35 75
54 66 15
25 19 7
86 44 95
0 24 90
68 70 94
52 48 17
40 72 60
40 85 21
3 69 87
75 64 100
32 95 81
14 47 82
32 51 7
67 50 5
11 61 91
33 98 24
72 11 8
56 9 6
68 13 52
61 48 35
17 48 31
24 15 100
70 89 76
18 80 43
75 46 88
94 21 78
39 11 94
84 94 22
88 14 91
24 45 15
85 24 79
34 77 70
73 11 92
63 11 29
1 90 62
28 36 7
87 91 67
47 55 63
1 2 45
49 17 10
47 88 70
87 56 76
84 7 48
64 34 60
15 55 29
16 4 63
46 3 11
22 3 4
80 79 22
29 57 88
23 61 9
23 20 98
19 1 89
12 10 9
62 49 79
75 85 96
85 19 56
9 94 87
39 26 61
38 24 16
7 25 39
81 31 16
57 98 62
6 98 61
3 62 11
12 61 13
96 94 46
98 77 13
75 65 39
27 97 88
52 7 52
38 21 34
77 76 13
87 35 33
82 9 91
87 90 7
98 90 76
71 25 47
29 96 84
25 96 2
15 73 79
27 33 25
34 60 32
94 26 55
17 88 39
12 78 4
68 92 90
30 62 86
32 73 10
11 97 90
58 97 31
1 85 80
59 10 21
29 21 74
54 91 6
59 48 62
78 69 53
63 20 63
14 88 1
50 54 2
90 61 39
29 22 69
76 87 8
81 82 7
75 33 39
83 87 80
29 23 89
60 76 57
48 40 94
42 26 13
91 0 87
58 98 57
9 1 99
47 84 28
72 13 99
20 88 47
18 52 64
37 18 43
47 75 8
87 75 94
28 81 18
91 95 20
9 6 98
53 32 51
16 37 68
87 13 90
71 67 27
0 91 95
45 92 78
54 53 61
51 86 58
46 85 93
54 8 61
86 98 5
88 95 73
65 77 35
81 92 72
52 24 58
63 59 76
96 39 8
85 38 37
24 73 25
4 43 40
94 57 6
84 76 67
95 91 89
96 40 62
78 4 22
88 97 36
43 79 82
1 10 49
58 19 89
84 20 7
38 88 28
31 37 21
99 58 53
54 22 18
78 7 45
55 5 74
74 85 20
47 66 22
78 1 2
18 45 42
47 27 56
70 98 80
23 22 49
41 95 96
20 34 93
56 22 59
21 21 42
7 23 88
94 73 17
25 91 4
5 98 28
33 7 45
64 58 95
64 49 89
87 43 44
67 60 58
71 4 30
63 56 58
10 3 93
29 62 3
77 51 65
60 22 24
75 48 69
27 58 65
77 40 29
66 2 5
86 23 82
97 75 90
7 67 57
94 70 56
45 14 71
85 89 96
37 28 4
5 45 43
80 99 6
59 71 54
41 74 38
6 10 5
81 9 24
39 8 22
53 33 51
90 12 9
29 4 15
2 79 64
62 2 13
51 70 88
7 27 87
18 1 89
68 29 63
59 5 26
38 49 8
42 31 96
6 72 72
68 61 89
31 84 57
7 94 44
95 71 53
19 90 89
5 81 67
69 54 27
91 45 16
98 80 28
33 63 66
12 52 89
80 49 20
24 97 65
64 13 45
26 9 90
92 9 60
6 73 45
45 65 46
53 2 60
74 79 3
87 87 3
37 32 1
67 89 38
32 77 58
58 78 62
17 23 24
39 75 90
59 2 98
34 34 2
58 89 92
77 36 64
69 92 23
48 69 40
37 97 72
69 26 87
36 39 30
31 36 89
31 53 39
27 26 1
34 45 33
64 12 89
59 42 73
26 39 87
39 64 12
5 47 39
21 28 70
68 99 5
85 3 57
23 51 85
23 77 57
22 68 24
6 25 46
94 78 99
25 92 86
13 19 5
37 8 27
92 12 24
8 74 75
10 62 62
88 21 83
85 50 59
36 98 79
0 23 1
32 79 80
36 68 79
7 12 20
80 48 9
34 52 48
29 78 70
82 84 66
81 80 22
13 50 7
16 46 89
84 30 73
54 43 32
57 80 13
44 39 47
85 81 16
74 6 53
55 3 89
82 22 40
53 69 21
35 0 42
57 7 7
3 47 2
26 14 36
77 87 8
39 58 79
66 41 12
62 91 19
33 86 21
57 70 82
71 99 5
48 22 1
79 86 100
43 89 52
85 5 87
19 7 57
25 11 30
40 28 71
97 13 63
51 91 86
91 77 11
55 44 14
46 32 57
79 71 12
15 83 96
19 54 81
61 52 63
42 23 76
43 66 86
54 99 84
55 59 81
37 14 88
0 76 21
40 88 97
25 22 25
53 45 36
83 18 10
41 1 90
77 24 61
70 19 51
58 20 78
57 50 22
80 73 78
88 93 3
60 65 79
89 82 99
40 39 89
45 50 82
11 39 94
38 18 92
91 41 23
47 56 47
82 80 20
92 6 85
56 77 35
6 43 34
31 34 89
96 89 87
81 14 10
84 48 18
78 0 64
78 87 17
20 39 71
49 11 90
12 15 47
92 7 90
98 74 47
20 63 65
1 1 53
63 31 59
65 87 18
2 60 90
47 15 77
63 24 82
76 75 26
15 89 33
76 40 27
9 87 35
97 51 72
71 10 51
35 46 88
66 34 31
98 26 11
3 67 87
5 43 25
76 36 71
11 49 16
81 15 43
58 6 49
96 59 85
17 41 43
5 73 25
62 5 84
78 33 41
50 15 84
7 66 59
84 50 17
11 16 95
6 99 29
8 48 59
53 21 16
17 85 97
33 93 74
40 8 8
30 79 100
82 74 63
26 31 99
49 28 13
36 20 54
90 10 6
38 69 56
89 34 7
29 39 60
48 10 93
21 65 47
65 24 63
6 15 64
71 18 4
78 80 90
91 84 47
85 58 33
47 99 78
61 3 80
30 39 91
69 10 73
47 44 59
61 89 39
47 47 80
74 68 71
98 38 50
4 53 90
6 7 52
93 74 89
71 56 2
5 80 9
26 32 50
72 60 50
26 97 55
77 62 13
74 4 96
98 56 43
94 60 72
61 83 7
21 47 99
7 75 57
28 55 25
75 59 49
71 34 69
14 93 15
30 20 58
35 45 11
96 57 66
99 34 85
81 10 83
47 53 35
65 63 20
14 76 62
32 53 66
56 1 5
60 38 59
32 69 46
30 44 67
18 94 23
24 66 75
29 20 8
22 89 84
79 26 80
12 44 36
90 91 32
55 9 20
44 62 9
33 54 85
74 21 61
65 3 97
1 53 26
82 68 34
46 71 27
54 9 61
21 79 52
84 93 15
10 24 21
73 56 58
37 17 8
9 59 52
66 88 80
29 43 20
70 38 73
13 29 15
82 76 6
59 22 13
54 72 12
31 24 59
14 84 79
34 42 80
95 10 82
21 50 86
96 4 10
80 37 55
47 92 38
23 5 11
90 47 89
92 48 29
25 98 60
99 44 18
56 84 43
60 3 67
82 94 75
28 32 99
12 32 74
41 43 32
61 90 79
99 63 78
21 27 46
28 1 93
25 15 83
19 30 57
37 44 88
66 18 73
65 53 7
89 91 87
37 74 91
45 35 93
51 95 94
29 8 30
99 52 42
14 69 21
99 64 33
2 93 55
99 87 18
62 11 93
12 25 45
32 87 41
65 41 24
19 75 14
11 75 99
18 70 72
69 62 73
59 93 100
19 12 14
5 77 55
11 70 55
10 91 53
20 75 16
68 6 44
74 74 85
88 60 17
66 55 79
98 24 69
53 49 80
93 78 100
96 30 61
17 24 55
18 87 41
37 22 2
84 28 85
50 73 52
73 85 18
0 39 6
66 23 46
86 79 68
81 43 84
35 27 97
48 74 66
6 62 39
10 38 71
87 37 98
50 39 1
67 54 72
57 49 42
53 58 76
14 81 34
76 99 67
47 79 18
86 12 51
51 44 50
64 18 81
9 4 64
63 58 49
37 6 46
69 64 59
30 81 8
27 89 10
34 84 97
19 33 29
12 35 33
66 37 57
28 69 90
50 78 71
31 80 60
68 40 84
50 25 97
23 10 28
8 19 38
99 53 27
46 75 61
64 74 70
42 35 57
44 43 30
65 58 10
29 87 61
76 26 32
14 31 85
42 99 36
90 96 80
46 8 8
93 67 55
5 29 48
75 77 67
30 69 91
49 39 32
55 10 38
95 58 43
35 8 71
58 45 2
75 20 5
95 30 69
25 9 12
53 15 28
55 46 5
96 60 46
52 32 93
52 44 60
22 90 88
64 82 72
45 86 97
27 10 74
81 83 74
58 77 90
70 83 91
73 94 23
13 93 25
15 48 56
66 0 36
17 37 24
94 14 40
0 29 8
57 5 29
9 78 29
61 53 46
8 29 80
14 28 42
38 63 85
55 35 72
76 56 47
44 10 17
34 99 87
2 46 73
21 16 83
72 24 19
79 69 80
6 17 55
86 80 12
37 43 13
76 51 80
20 54 33
98 68 23
72 94 91
44 68 73
66 92 44
7 51 6
39 94 92
40 3 36
35 16 55
24 33 68
61 51 7
54 23 78
62 43 72
88 70 71
78 85 83
99 1 2
83 68 2
82 27 36
94 48 27
83 7 9
44 99 8
26 84 54
4 68 96
69 18 3
5 15 84
35 12 90
40 38 58
81 77 2
25 67 85
0 8 13
79 42 13
36 37 39
55 97 37
7 11 50
41 49 53
5 49 58
0 67 64
55 20 23
57 75 30
43 43 60
71 8 76
70 71 74
10 84 88
92 93 65
44 60 25
75 29 78
66 5 83
91 75 14
66 56 76
32 80 82
71 81 24
21 54 29
38 39 12
59 56 9
19 32 54
36 7 30
14 25 1
65 33 22
22 50 47
15 58 24
1 28 96
15 30 49
58 92 98
22 71 20
74 8 91
41 9 34
97 59 99
91 90 36
35 88 17
71 97 21
55 88 50
5 2 95
45 63 2
76 59 78
2 2 69
1 54 18
74 77 40
53 22 13
37 39 77
92 56 30
97 60 11
31 95 2
39 92 47
73 80 39
23 62 74
99 72 81
25 25 49
42 80 52
9 58 10
22 12 88
76 17 33
29 30 55
35 21 29
8 51 29
82 14 30
9 41 6
48 11 27
63 45 44
56 38 86
96 19 70
3 3 34
60 68 58
67 46 17
68 85 22
56 60 15
28 26 96
27 28 57
67 1 99
49 23 43
75 1 87
8 76 35
97 1 21
79 33 81
90 74 73
1 5 24
72 18 21
60 89 23
12 22 91
81 97 46
49 84 1
70 2 52
54 30 28
2 78 25
9 34 44
9 47 12
49 68 63
33 30 50
98 53 30
45 15 68
19 56 20
28 30 42
3 71 59
41 17 15
77 93 79
97 45 1
31 13 26
4 61 50
44 26 43
11 54 87
87 3 52
60 85 98
31 94 69
95 82 7
43 39 99
23 59 3
61 1 39
97 14 51
92 53 27
23 63 50
54 42 98
4 60 48
23 78 54
47 82 49
22 79 5
37 65 94
38 83 39
47 17 52
77 72 50
39 69 68
85 29 87
20 76 36
63 89 63
41 64 48
13 22 88
1 23 70
92 88 97
37 16 4
54 55 46
54 78 6
28 5 67
62 69 97
99 6 16
25 71 27
99 78 14
32 54 20
63 33 1
24 6 42
47 54 10
39 30 92
12 26 52
35 55 18
53 29 74
52 88 16
79 53 43
62 10 11
35 77 14
33 64 13
25 2 59
91 19 64
3 68 45
88 5 80
95 88 18
70 50 25
95 69 4
57 34 31
2 77 12
76 96 66
46 10 53
29 31 36
6 64 98
43 59 59
47 69 38
3 98 55
52 54 89
57 96 9
5 24 97
6 1 79
50 84 5
74 34 42
65 98 9
89 95 70
66 96 19
25 1 62
49 91 33
4 9 36
61 91 75
9 75 40
82 65 99
55 83 60
95 11 91
86 81 15
13 70 19
59 41 3
48 70 54
67 17 9
90 11 22
47 74 31
70 22 14
56 96 58
49 97 46
82 37 44
49 21 39
39 52 93
10 54 85
78 38 44
23 89 18
88 66 11
87 28 6
71 74 50
6 8 18
71 71 4
82 30 78
29 35 34
75 79 43
55 4 71
16 98 85
96 70 6
80 51 78
99 57 58
77 69 73
55 50 55
49 30 17
43 97 37
5 1 50
44 42 32
55 91 16
95 65 90
62 27 38
63 51 61
48 85 73
22 87 24
30 42 1
43 7 79
29 53 64
55 21 57
2 64 19
75 86 92
98 94 81
11 15 54
74 90 59
20 56 33
52 90 74
61 13 74
60 77 51
67 7 18
2 33 62
51 68 3
89 1 80
85 71 14
30 89 30
75 24 49
18 63 67
86 76 18
44 7 88
51 77 84
84 39 28
69 11 32
49 7 96
95 16 99
43 49 7
58 3 4
72 2 41
60 88 50
69 6 20
32 17 36
32 63 33
97 95 36
28 33 42
71 0 9
30 4 39
73 43 92
27 41 4
79 34 68
19 35 20
31 76 18
48 48 46
82 91 14
32 21 47
73 29 8
67 77 76
3 25 8
4 34 7
68 93 42
78 63 32
82 23 57
46 38 20
22 64 99
36 23 67
54 17 31
2 76 16
23 40 2
14 50 17
97 61 80
36 25 70
29 42 67
6 65 7
15 41 29
30 36 79
39 83 48
9 61 25
52 11 34
43 75 41
6 61 9
58 26 79
88 13 4
34 98 27
60 70 50
65 14 4
22 16 59
19 73 79
97 74 53
51 62 69
19 52 89
38 91 71
44 96 77
71 36 14
88 96 57
41 84 8
56 62 97
51 50 42
17 61 22
72 92 22
91 52 2
13 64 39
18 46 16
87 62 3
4 45 34
90 60 85
63 72 28
68 19 85
45 36 10
59 94 40
57 52 70
82 95 33
89 37 68
44 61 13
44 97 71
64 21 73
18 37 52
56 59 12
20 49 49
23 2 87
39 19 44
77 99 54
53 66 27
68 98 34
61 93 69
20 93 100
88 61 85
21 53 96
46 20 95
89 39 19
18 22 59
89 9 23
78 47 13
23 19 3
21 94 76
37 91 11
48 27 25
40 0 78
65 10 76
22 55 20
88 74 100
73 55 30
97 64 26
5 21 18
6 93 3
9 62 21
63 96 48
73 10 17
27 78 42
79 40 90
75 62 31
33 78 7
54 0 69
70 4 86
60 4 96
69 90 13
37 93 89
62 66 10
55 33 96
8 61 6
73 71 84
45 62 52
43 91 88
16 83 23
10 6 20
60 45 89
25 51 73
60 78 42
10 74 100
54 59 60
13 15 40
47 20 86
14 57 49
88 83 82
80 60 14
69 58 58
64 35 19
52 55 26
30 23 63
80 89 46
50 62 40
68 87 24
87 15 50
82 3 71
68 82 11
96 74 86
19 21 61
36 94 34
40 66 37
25 13 92
11 29 66
83 32 99
38 2 97
35 78 21
45 24 66
8 30 12
3 65 99
88 37 90
23 80 11
46 45 72
64 25 28
7 3 26
34 59 63
18 29 73
88 22 62
47 52 62
25 16 93
48 99 23
26 20 31
60 84 97
77 35 61
97 96 63
84 46 46
57 64 48
19 58 92
90 71 83
25 64 100
71 45 21
99 15 50
43 1 21
91 54 49
88 27 19
52 10 9
92 65 68
84 74 11
0 18 85
93 54 63
68 15 93
74 9 42
77 47 31
65 38 67
43 85 22
55 11 94
28 80 19
41 98 23
67 99 39
66 1 98
15 75 43
10 11 7
66 58 56
57 31 26
64 23 76
30 5 58
14 99 95
76 53 19
33 50 50
53 17 46
41 45 6
36 43 2
21 14 72
51 69 52
6 84 96
35 97 30
30 9 87
60 39 44
9 37 51
16 73 75
68 74 53
75 40 43
7 79 47
94 99 8
28 10 49
10 82 8
32 42 25
34 35 36
24 1 81
29 17 63
34 81 8
63 95 2
21 72 40
59 69 98
31 87 70
69 94 41
84 52 58
11 72 70
4 96 83
66 40 16
2 80 7
49 89 2
43 90 9
41 6 50
34 2 83
83 22 22
62 18 75
35 69 72
43 93 4
69 25 97
67 55 78
62 79 66
57 84 33
91 22 48
8 11 30
40 11 86
84 67 53
12 77 34
83 65 74
52 14 86
6 79 86
86 1 79
96 24 36
24 9 57
10 29 1
64 28 32
96 88 3
39 93 61
34 17 31
31 66 72
37 24 79
90 7 57
40 46 96
63 84 6
13 30 8
37 76 3
91 17 84
8 43 53
73 5 37
45 70 84
69 40 16
94 71 13
49 16 44
91 8 50
52 73 69
38 41 46
55 75 34
15 68 24
91 2 62
5 95 70
77 8 44
11 14 65
15 42 89
46 26 19
54 73 98
98 99 24
14 37 51
2 82 20
41 28 14
33 84 98
35 30 9
14 8 54
28 4 93
59 90 43
89 89 61
83 21 21
32 56 89
70 78 93
49 55 3
1 44 92
18 59 90
58 23 61
95 66 7
68 67 11
60 80 3
22 48 57
78 67 46
98 91 75
10 92 33
63 60 54
74 33 71
67 41 3
84 23 36
7 74 68
93 33 13
7 92 25
16 14 61
9 80 37
8 55 6
40 40 22
18 61 52
89 49 12
3 40 57
30 29 84
59 38 13
0 31 96
88 1 89
51 67 10
31 1 98
81 3 62
5 26 6
45 44 41
99 25 25
45 93 75
30 24 12
71 91 38
75 53 9
97 78 21
35 52 13
65 26 49
76 67 21
4 33 10
53 71 98
18 99 20
81 21 43
50 59 74
47 89 24
31 54 62
53 87 64
99 0 12
99 24 28
35 15 91
91 39 93
29 25 33
58 43 84
78 76 72
16 86 89
1 89 33
8 21 19
28 38 80
53 79 78
56 14 21
72 65 35
12 67 3
58 57 55
62 95 31
1 82 67
13 49 2
13 3 5
16 66 83
96 66 45
54 26 81
5 76 19
77 75 43
6 32 56
18 38 41
6 2 39
31 8 52
87 67 13
79 43 83
16 99 51
50 51 17
27 49 91
86 95 14
98 78 94
29 18 32
30 97 66
8 83 92
57 6 66
74 7 60
69 16 94
2 70 34
80 45 5
43 74 6
25 39 94
92 20 78
20 7 49
43 87 80
12 13 19
1 51 95
43 83 68
79 93 62
22 45 17
55 23 34
16 12 52
56 76 7
85 97 68
42 51 60
48 2 41
59 73 52
69 98 35
8 32 20
24 5 19
54 50 2
27 1 50
48 93 51
60 14 90
48 87 42
79 46 41
35 50 61
78 11 89
56 20 18
88 2 23
26 45 38
32 11 53
31 68 2
76 34 87
4 21 24
42 60 30
53 78 100
49 44 88
25 81 97
90 78 15
60 23 48
36 69 45
83 59 64
72 88 79
64 87 79
66 35 11
95 12 92
71 22 94
82 86 55
46 63 26
94 56 83
12 8 60
99 59 96
48 19 94
8 84 63
53 46 88
53 55 88
45 30 79
96 78 64
21 77 73
93 71 54
20 27 72
90 4 98
26 16 100
79 13 19
49 77 2
96 23 75
62 94 50
37 99 86
29 46 23
15 69 94
2 66 6
44 29 83
21 89 96
20 73 26
19 84 100
37 37 84
55 81 70
32 86 65
64 22 78
90 68 77
33 44 56
82 45 40
69 31 17
38 80 85
70 84 23
60 54 83
37 0 30
33 9 96
36 24 62
97 71 9
62 21 7
48 47 86
79 17 26
87 83 77
38 66 50
27 54 2
97 10 1
19 47 13
46 79 36
31 49 6
18 65 7
11 46 18
79 94 84
42 77 31
17 98 5
32 13 2
87 12 71
86 73 71
67 23 96
66 83 31
20 90 17
77 15 28
39 45 56
55 1 22
67 22 18
77 39 36
45 48 77
9 45 60
95 34 69
19 40 36
97 32 88
17 89 9
0 73 36
61 7 43
53 91 86
82 44 80
64 94 23
13 47 99
9 72 58
58 30 74
91 62 49
3 90 37
58 11 48
90 38 92
21 71 28
64 98 88
82 72 86
49 26 63
77 58 69
33 17 70
77 92 94
73 2 9
1 76 83
65 34 99
67 59 90
7 52 27
18 33 41
72 55 34
2 18 90
87 26 76
34 28 41
37 31 67
91 21 77
91 35 16
47 33 48
54 79 22
6 22 100
4 16 93
54 48 22
69 8 44
74 11 78
95 27 14
28 45 38
31 57 12
58 65 7
70 75 44
78 84 96
34 64 77
30 73 55
93 64 26
43 16 100
4 99 60
91 28 30
88 24 70
80 71 3
67 21 32
67 44 92
84 81 91
77 66 59
1 13 71
19 61 96
38 73 50
70 17 88
95 92 52
95 48 24
47 73 92
22 26 87
29 58 94
51 8 21
50 69 33
44 81 45
12 14 96
92 42 61
68 62 65
81 93 96
90 34 49
28 18 96
26 57 92
7 88 12
46 73 32
94 29 97
55 95 16
47 38 7
73 38 3
55 57 77
15 31 23
0 7 74
14 46 49
92 32 69
30 82 91
48 46 29
19 51 93
78 32 51
47 35 49
81 57 21
96 28 22
69 14 20
73 87 34
38 48 16
7 2 41
77 1 62
77 52 82
84 27 11
99 56 40
57 11 35
96 16 58
83 80 90
66 14 38
94 36 24
61 45 66
56 72 44
45 60 78
3 81 80
37 2 66
53 80 2
50 74 37
69 87 2
8 91 24
3 59 5
55 52 82
52 43 18
50 40 56
3 45 88
59 82 55
64 37 77
69 83 67
31 43 29
67 78 21
51 97 85
13 46 59
65 40 67
87 68 29
40 17 39
58 12 52
53 11 12
13 58 64
47 41 92
81 76 37
96 35 70
72 29 52
10 73 4
35 66 34
83 36 45
96 67 47
6 48 91
30 27 42
49 20 32
17 59 1
62 76 21
72 90 44
17 8 55
1 4 77
91 68 86
67 68 53
78 81 22
67 51 73
66 71 73
63 68 21
9 60 23
9 97 77
28 84 37
30 2 90
41 31 100
76 22 61
13 85 90
83 6 94
71 69 38
23 6 67
51 37 93
2 57 66
11 3 57
76 68 100
84 57 89
59 91 38
61 50 9
3 73 24
19 62 50
20 85 8
67 66 45
79 47 33
75 92 50
43 52 53
37 81 23
24 20 5
55 79 30
51 72 9
70 10 58
43 99 73
85 22 63
16 6 79
98 48 62
69 9 50
36 40 65
85 55 85
52 65 68
46 67 37
61 99 4
31 69 42
19 67 41
44 50 9
7 28 94
58 75 23
57 66 48
38 25 42
95 59 50
91 25 39
65 57 85
28 2 5
90 24 19
36 53 34
18 2 46
37 95 3
45 71 17
43 34 93
3 92 18
62 3 60
28 25 37
14 2 56
46 33 36
35 11 22
67 19 83
44 77 37
15 67 32
39 4 14
84 2 92
20 1 84
79 4 55
35 7 3
78 37 28
79 39 9
57 62 3
97 2 14
92 75 62
57 91 6
66 8 85
23 66 70
59 86 33
71 23 20
19 91 1
11 83 28
46 27 43
68 24 32
36 58 62
83 14 12
49 86 43
99 39 73
28 39 60
5 8 5
70 6 81
44 69 68
57 43 87
18 69 100
46 7 100
44 87 10
86 83 5
91 20 64
7 8 70
90 31 86
70 41 39
28 15 10
0 25 17
65 17 79
8 5 30
66 73 88
13 60 40
10 9 97
11 84 33
53 8 87
39 29 29
7 83 87
15 6 80
30 75 19
31 35 23
86 37 82
86 86 62
90 92 40
1 42 84
77 18 61
63 44 53
66 36 5
19 68 94
37 41 15
73 49 89
7 99 85
28 79 55
49 83 60
72 68 99
37 7 83
73 33 75
45 17 72
3 22 43
84 38 23
94 90 52
43 70 33
94 93 21
86 17 67
39 10 36
40 55 88
25 29 26
56 33 93
28 54 28
60 47 79
37 63 7
5 32 47
91 78 81
94 86 43
56 11 77
57 92 94
1 56 81
67 98 18
73 83 77
56 37 25
32 58 37
9 69 48
46 58 100
73 63 86
91 36 85
4 78 53
72 77 76
92 40 66
88 3 86
14 59 40
7 29 91
50 89 81
22 81 15
89 94 61
6 60 66
72 67 96
7 15 61
8 20 34
30 7 64
2 40 90
60 98 16
38 58 85
44 35 11
95 22 80
45 78 51
23 76 25
65 84 64
90 90 34
62 92 95
83 24 66
9 13 91
31 71 30
27 92 31
33 83 74
41 72 97
23 85 3
42 97 6
85 12 44
96 68 49
72 14 53
1 40 68
57 21 68
49 49 85
88 68 34
66 76 4
67 33 84
54 2 59
93 32 23
13 11 14
71 40 38
44 33 55
40 47 31
37 9 38
84 36 69
12 55 36
46 53 80
44 52 63
49 74 3
13 67 89
73 98 91
93 43 99
99 89 58
9 12 33
13 10 55
88 47 27
22 32 87
89 86 13
36 92 8
98 93 82
31 99 66
15 94 22
57 63 69
54 54 17
93 26 75
78 55 72
59 7 79
95 57 67
70 57 88
83 94 72
93 52 76
39 71 98
34 44 78
6 11 69
46 19 55
54 13 75
24 82 4
43 47 70
5 64 58
45 99 35
80 68 43
13 95 83
31 19 35
83 3 19
61 97 56
54 86 95
55 85 38
55 73 22
16 33 11
29 51 91
24 80 93
93 90 80
39 80 23
21 90 19
40 91 63
63 82 81
71 77 20
9 29 27
73 57 19
90 0 25
26 43 59
62 93 84
60 67 20
1 94 93
7 4 45
39 60 94
41 27 96
51 29 17
53 60 54
16 23 92
42 87 55
6 88 29
4 73 99
43 29 57
46 70 70
93 18 47
82 97 49
88 25 28
79 85 86
43 45 68
81 52 8
30 6 79
16 87 5
54 7 72
32 89 13
55 76 36
22 10 62
87 85 72
3 86 43
95 98 22
39 41 59
60 93 9
51 75 23
50 49 92
45 97 33
78 62 36
35 67 37
64 24 21
11 79 54
19 65 99
87 45 51
56 70 50
33 15 84
40 6 91
99 48 65
1 11 12
52 12 17
34 3 89
77 90 13
12 60 59
75 11 44
58 53 5
19 25 60
63 70 17
4 32 55
68 43 76
27 93 97
27 52 95
30 22 91
15 81 13
71 32 76
34 31 3
18 27 25
83 44 4
54 29 100
45 11 69
19 22 48
79 10 38
41 48 1
5 44 56
68 12 30
70 9 32
30 71 88
0 80 27
38 11 21
47 4 15
10 64 37
64 65 33
86 13 48
96 12 83
5 22 46
22 37 51
78 5 63
98 25 61
26 11 56
29 89 7
73 47 57
66 87 13
68 46 41
72 62 75
24 63 92
42 25 73
52 56 52
87 25 70
32 99 73
59 99 60
59 18 17
5 52 92
32 49 27
61 76 38
33 42 20
63 91 29
57 94 41
92 44 6
95 45 72
90 21 100
56 52 69
64 31 2
32 60 44
14 44 96
72 6 88
19 99 73
3 66 1
40 74 63
52 28 80
77 20 3
61 46 97
81 27 81
17 54 33
37 94 47
49 10 68
55 98 9
20 62 74
50 72 10
3 80 94
78 48 45
16 91 10
60 6 39
90 50 54
78 24 41
30 54 12
74 43 20
88 17 96
90 59 18
27 17 32
5 58 42
66 91 57
56 31 52
19 95 56
16 32 62
98 83 26
62 84 25
73 70 7
87 81 96
15 90 16
39 27 71
44 92 38
43 42 100
28 58 35
23 83 7
58 58 45
45 91 44
48 45 39
0 56 23
92 72 64
61 77 40
14 6 95
0 63 14
61 5 29
26 60 29
84 83 90
8 33 68
54 97 49
67 30 77
36 55 5
33 66 30
49 4 6
38 64 73
8 92 9
19 89 76
0 51 8
4 80 77
99 74 48
10 14 53
98 35 98
25 55 94
91 97 73
4 94 88
59 0 36
69 51 74
41 52 23
5 97 72
64 68 92
28 62 70
94 63 63
85 53 98
72 75 66
97 20 94
21 84 65
79 19 4
19 48 6
56 28 9
22 99 64
72 63 65
93 0 59
57 22 64
55 74 65
62 35 6
55 68 10
42 75 97
68 76 16
96 6 44
34 76 8
48 80 7
0 35 38
13 76 51
98 18 87
78 82 61
40 65 31
70 95 87
20 38 100
37 35 18
71 30 13
17 78 51
6 91 81
61 85 16
61 88 81
58 56 15
97 44 11
36 51 60
15 50 72
92 49 94
87 29 48
45 90 49
36 97 11
58 94 51
41 13 46
25 62 70
47 67 79
10 30 25
98 84 19
70 35 51
56 74 60
3 16 25
68 59 12
60 35 48
93 65 77
76 54 18
24 18 95
23 73 32
29 40 60
84 42 39
67 11 34
7 64 90
36 99 28
91 79 30
32 1 72
72 72 13
37 46 19
95 87 29
38 20 64
19 80 44
75 95 3
50 96 6
2 42 40
48 95 70
95 14 26
46 43 55
86 38 19
90 20 28
67 74 99
98 46 71
45 47 27
8 56 50
15 44 73
17 10 38
99 22 7
0 83 1
80 98 13
89 59 16
12 37 59
29 7 90
46 0 12
43 64 45
32 82 28
17 46 94
83 19 37
85 48 32
84 34 31
82 62 81
24 94 67
66 21 37
93 86 47
38 89 89
90 36 50
19 36 38
69 3 1
6 92 97
27 4 75
15 91 23
93 20 47
4 30 100
14 5 6
50 11 55
79 98 25
92 5 5
85 75 69
44 70 19
85 23 85
33 28 78
94 6 87
55 6 42
20 65 59
97 25 89
35 81 9
35 29 87
60 86 65
2 4 29
17 36 33
14 75 87
33 26 19
50 52 47
53 86 43
34 13 92
68 58 32
30 77 98
70 48 30
28 23 71
71 20 52
66 50 17
87 40 87
25 0 36
46 11 62
89 73 95
99 65 25
89 16 7
73 64 96
92 28 75
34 47 17
67 0 1
21 1 18
79 3 22
61 82 70
55 26 90
74 24 2
82 39 10
39 48 59
86 35 69
11 7 45
10 37 58
76 5 88
16 65 45
45 79 97
31 81 58
62 47 37
5 56 96
18 81 64
61 75 32
69 59 34
44 13 63
28 0 53
38 81 50
15 38 62
17 14 36
89 33 12
54 49 76
4 67 46
85 30 56
28 56 81
3 36 23
68 81 76
42 18 27
50 61 92
68 22 42
65 55 96
55 64 78
65 70 11
46 65 95
13 99 34
67 90 56
74 48 92
7 43 9
74 36 68
28 99 4
62 29 10
22 97 22
44 19 84
93 73 27
52 52 3
37 54 3
12 64 63
46 86 18
73 3 55
37 25 36
57 1 100
92 81 54
15 76 78
15 71 16
78 56 13
22 60 54
38 16 88
75 38 15
2 25 58
26 28 2
0 64 9
44 95 86
52 61 6
64 17 37
77 97 51
21 26 55
98 85 14
92 0 87
1 32 86
59 76 20
68 30 55
87 30 18
3 19 20
16 63 43
32 16 87
56 86 89
99 8 28
40 31 6
47 63 42
35 61 24
14 62 66
73 86 70
86 27 58
72 79 22
79 75 6
65 80 61
70 90 53
43 86 66
22 63 71
72 27 20
56 21 95
94 22 12
27 44 65
68 51 33
29 37 18
44 57 3
3 52 97
27 12 76
13 61 45
97 85 24
51 74 88
65 91 19
83 10 12
51 45 93
81 61 82
50 6 56
67 75 13
91 44 31
21 6 7
74 75 41
27 74 33
93 96 10
69 61 41
89 64 91
3 23 26
76 93 68
38 14 41
66 84 93
14 61 83
61 96 96
95 20 97
87 93 52
57 12 63
47 77 50
58 37 20
28 78 93
7 5 55
11 43 56
77 42 7
58 91 4
26 34 67
43 95 98
48 51 45
21 78 23
18 50 15
6 13 56
5 10 11
99 68 55
92 97 42
97 69 51
80 56 26
48 33 9
20 43 81
24 8 36
65 30 78
73 28 2
10 69 71
86 78 81
64 54 97
54 21 9
41 33 92
16 92 86
90 81 86
47 16 1
42 74 18
15 0 1
67 91 74
59 59 53
80 70 48
17 33 79
63 47 23
88 29 30
96 20 10
81 30 31
56 93 90
94 79 24
84 9 99
76 24 4
54 95 12
39 73 72
81 72 55
66 77 88
42 88 67
64 0 60
19 0 73
73 58 99
22 43 70
48 3 40
3 28 81
38 74 96
20 19 29
52 72 57
64 85 26
14 39 62
32 74 74
0 45 34
62 8 57
27 72 61
95 43 63
40 84 82
56 13 68
84 78 31
39 28 20
36 22 100
39 31 29
60 56 29
39 9 7
49 50 10
70 73 69
35 76 26
33 33 99
62 56 44
94 81 86
30 46 47
27 51 6
21 51 25
62 46 98
55 49 100
41 99 93
48 13 45
4 62 77
23 13 59
35 95 12
92 17 65
58 9 52
59 1 5
91 67 6
62 82 66
11 98 61
50 18 70
94 41 31
6 89 98
43 5 72
58 83 26
28 44 90
31 89 9
22 2 37
21 86 44
75 28 18
88 33 13
98 61 84
77 12 60
63 94 71
67 18 97
18 0 90
46 31 69
81 64 75
58 0 35
64 57 70
80 10 66
47 64 57
95 17 63
12 24 49
14 58 38
58 71 23
82 93 56
88 94 92
81 18 69
38 36 100
52 98 69
51 16 1
39 76 15
22 98 29
80 54 52
82 7 24
9 36 2
29 10 58
89 20 66
86 93 20
3 87 45
39 35 51
10 41 36
66 54 22
38 30 13
46 94 10
79 57 16
41 41 63
46 12 25
23 93 68
21 88 69
98 13 47
93 61 3
0 71 59
86 42 44
48 52 99
87 49 64
67 64 82
59 60 52
3 39 85
37 15 88
12 57 97
33 40 66
21 96 40
62 45 5
25 41 27
45 59 2
12 81 28
69 48 94
8 93 97
31 20 92
20 3 32
98 59 77
6 94 82
2 65 96
3 51 15
3 57 84
7 81 5
2 41 66
80 36 36
47 45 70
92 18 29
10 61 67
58 14 47
91 81 96
50 17 12
41 78 97
28 72 73
81 44 97
73 12 3
17 52 39
63 90 98
15 43 60
3 88 18
83 75 100
70 67 61
17 93 35
20 11 91
45 19 6
12 66 66
59 45 20
3 37 8
3 46 94
75 51 58
44 32 22
91 4 31
31 22 30
96 17 50
0 93 53
86 87 35
19 8 37
37 71 30
17 75 39
32 33 80
35 94 2
94 55 47
81 79 85
88 79 65
32 48 95
65 28 98
8 15 9
50 21 37
98 17 71
97 87 40
2 74 92
10 51 66
8 58 72
83 79 100
80 7 51
69 63 81
97 36 67
42 54 19
86 85 8
96 64 59
4 76 75
56 53 7
27 60 6
10 87 19
7 7 29
97 50 30
76 92 85
82 33 52
6 35 80
53 51 31
92 78 29
72 73 44
7 10 83
42 52 50
0 82 43
9 39 14
87 44 71
1 9 29
80 3 14
11 74 45
68 88 47
81 40 67
90 15 69
60 29 5
34 79 75
51 57 76
63 76 14
9 17 14
99 27 91
74 38 60
34 75 13
0 46 56
81 85 42
41 44 1
23 54 74
93 13 3
20 17 15
36 46 82
70 39 31
57 33 94
62 32 28
57 24 37
15 4 54
76 23 26
47 86 2
52 69 66
93 91 40
51 99 86
66 30 93
25 38 15
58 90 48
65 2 36
15 11 23
16 40 96
14 16 50
82 0 59
31 27 57
59 32 94
12 18 29
70 81 79
92 83 60
12 94 47
84 43 68
21 56 96
36 4 1
66 25 46
39 47 15
98 27 100
40 54 53
77 85 83
8 99 40
76 62 75
52 36 56
25 53 35
54 71 82
42 78 30
0 78 88
62 16 26
93 87 25
16 85 86
96 77 16
81 75 27
36 27 49
6 50 28
94 13 24
71 2 77
37 4 36
65 20 40
23 30 87
57 55 68
29 12 28
14 20 57
59 70 3
86 50 38
78 13 19
8 44 45
98 3 96
59 16 70
65 66 52
63 93 58
25 21 24
2 92 84
40 36 35
41 76 99
14 45 78
89 65 14
74 95 13
17 38 35
84 49 21
26 3 11
44 85 38
59 53 58
41 97 35
51 13 41
57 30 36
75 52 52
27 82 78
92 24 30
91 55 10
48 84 25
50 66 16
40 78 25
62 73 60
18 4 67
1 86 13
27 69 83
94 20 33
24 86 10
53 39 33
23 87 59
9 20 58
81 12 88
24 79 77
7 95 84
78 73 21
66 32 37
53 31 41
51 79 72
66 11 14
79 90 67
89 66 50
53 76 66
38 40 65
42 64 44
63 97 13
63 78 50
67 65 26
14 36 36
19 64 72
74 42 33
86 19 51
96 92 89
36 52 30
81 26 80
14 65 100
20 44 26
45 81 88
36 34 43
40 98 64
67 3 69
52 66 15
40 43 45
91 87 53
18 28 70
49 93 94
79 51 95
2 87 24
0 0 94
91 13 89
63 16 82
13 26 86
75 83 96
29 38 46
35 2 48
44 48 51
67 88 100
64 41 82
75 94 96
56 30 73
15 19 88
7 70 32
30 63 67
98 54 65
63 62 83
77 46 1
22 83 50
34 69 1
48 12 29
6 3 48
2 10 63
48 38 59
78 31 99
36 44 22
97 86 68
98 30 8
32 37 68
63 25 72
6 42 20
33 90 72
4 98 22
39 53 20
16 36 25
79 37 18
21 29 42
15 93 32
19 28 7
17 17 36
48 28 95
70 60 2
99 19 20
18 17 1
79 58 26
31 40 54
21 41 97
85 78 50
3 49 24
85 9 51
26 51 10
22 84 71
56 19 48
31 31 21
27 2 97
77 56 76
42 73 22
45 2 85
9 46 10
19 46 16
37 90 43
53 95 21
53 44 25
47 70 71
11 21 16
78 8 79
91 29 20
98 14 53
82 57 91
30 48 49
36 13 72
4 88 89
97 91 95
21 99 42
78 42 77
38 10 41
75 41 27
80 66 30
41 75 22
40 34 45
71 27 42
11 42 1
89 63 20
45 98 45
11 91 10
19 93 1
60 82 79
26 47 60
21 44 10
38 28 50
6 58 24
88 23 84
20 47 34
38 95 30
47 19 4
5 60 36
27 77 54
98 70 74
65 29 35
5 6 85
98 49 29
94 38 56
92 58 89
21 22 32
40 45 90
2 99 94
55 14 11
60 46 28
24 14 49
69 99 90
92 61 32
5 20 95
17 72 45
51 82 74
77 41 87
30 55 17
27 21 72
87 47 29
69 65 41
29 32 97
55 99 42
94 39 60
0 21 5
70 20 93
46 74 63
77 88 73
89 38 18
72 4 13
13 72 73
20 35 18
26 80 86
17 2 78
52 96 7
48 57 86
2 23 1
63 23 96
10 28 1
10 40 81
70 1 75
91 1 71
30 74 88
38 85 21
79 56 9
47 31 22
58 50 43
5 65 61
25 27 85
56 97 1
47 2 96
98 19 22
30 61 100
13 16 80
4 51 71
76 31 13
74 84 70
28 76 18
31 4 33
77 30 85
47 39 40
97 41 63
66 9 65
29 64 51
14 87 54
77 53 60
60 33 43
50 43 20
68 1 46
6 44 2
99 88 76
48 43 34
26 93 83
35 93 85
9 49 9
59 27 37
55 0 64
71 43 70
53 20 83
32 9 60
16 34 4
43 35 53
45 25 32
48 90 87
68 97 99
36 35 9
43 24 89
36 63 55
73 19 37
78 53 21
81 69 23
19 96 57
28 14 39
91 85 96
42 62 33
42 7 27
63 8 69
45 68 16
82 1 44
38 82 62
62 65 1
16 97 50
97 37 71
59 75 30
15 27 33
57 15 75
93 98 1
81 2 40
95 28 96
54 32 49
43 14 39
75 18 73
30 60 63
54 87 44
79 12 27
54 81 17
78 86 47
91 70 42
41 93 13
12 36 72
87 63 73
20 31 65
58 27 73
33 61 49
81 4 95
94 42 24
85 65 36
8 47 15
78 89 41
40 12 97
86 63 40
85 59 85
91 86 66
76 9 46
50 55 36
2 47 20
86 99 83
92 80 3
85 52 4
50 35 92
16 39 12
35 89 26
32 6 75
39 81 55
38 5 53
40 48 2
25 87 68
47 37 35
76 6 75
53 81 92
81 49 32
91 23 8
80 67 19
25 4 24
21 32 57
0 26 29
95 18 90
19 79 3
72 66 15
24 70 7
32 67 23
91 60 71
85 18 44
65 75 98
48 61 90
51 27 71
7 41 53
36 50 2
24 0 25
83 98 100
19 24 23
76 20 48
3 29 24
12 51 52
96 8 76
7 14 46
54 68 28
23 12 2
1 84 58
28 75 44
49 80 11
54 37 26
91 6 37
1 3 63
15 15 56
59 65 28
52 22 80
18 93 15
36 93 55
22 69 47
57 13 59
10 83 41
20 37 36
22 1 90
43 36 37
27 56 23
34 48 26
18 76 58
48 97 26
34 23 36
2 81 92
92 67 94
61 33 98
96 9 62
66 12 22
16 24 57
73 69 88
37 20 72
83 64 10
59 17 37
89 41 35
51 76 59
50 88 24
67 2 14
75 7 3
12 48 60
65 11 38
13 31 59
24 59 84
89 85 3
17 60 56
15 33 32
78 14 41
34 20 80
86 51 55
71 17 70
41 65 81
31 29 15
72 3 2
97 42 49
43 82 82
79 96 3
64 84 50
50 14 80
46 84 49
22 18 17
60 55 11
91 34 35
19 11 47
96 55 18
3 70 1
24 85 96
8 4 32
2 43 78
22 54 88
36 26 89
86 21 36
29 55 34
47 3 42
19 59 100
88 99 45
36 21 49
72 26 18
61 79 33
82 89 94
96 84 55
58 51 22
32 5 95
79 66 65
63 19 87
40 64 62
85 6 34
63 77 1
61 72 27
41 18 18
29 16 29
91 59 2
14 94 8
50 87 68
60 48 5
1 19 1
71 72 19
58 35 80
39 56 59
81 33 64
21 38 57
4 85 48
50 94 91
87 74 79
32 36 33
31 11 27
89 54 5
29 28 6
0 32 4
97 7 18
39 24 70
26 71 91
89 27 47
44 84 62
42 65 7
48 89 99
46 99 6
40 95 34
81 71 29
31 39 4
16 9 20
59 55 51
60 31 13
53 10 3
71 63 28
73 72 42
22 57 39
25 73 78
99 54 8
67 76 73
27 81 16
65 18 1
91 73 11
4 18 4
65 60 12
19 92 79
2 14 68
41 62 82
70 54 3
85 63 85
51 43 28
43 84 4
62 96 24
65 48 91
11 81 45
91 99 49
63 6 91
24 65 84
94 25 85
43 80 11
15 66 66
97 66 37
20 69 85
64 14 16
75 17 74
33 59 91
10 63 63
67 9 49
80 82 6
98 81 69
97 94 44
34 26 81
6 23 15
6 76 84
9 28 65
27 88 58
62 64 47
93 12 43
84 21 50
59 46 90
80 58 5
69 24 90
85 8 63
71 86 41
51 7 17
24 24 70
62 55 24
58 29 75
60 61 80
51 42 88
68 38 54
67 26 95
10 26 54
63 88 91
70 34 5
83 89 64
3 26 36
61 47 100
40 79 42
32 25 20
51 89 27
95 94 73
24 36 53
67 20 34
3 24 49
57 87 54
63 13 69
28 21 14
5 11 17
44 53 64
73 61 95
23 33 64
17 44 88
17 82 39
40 18 25
79 82 64
2 7 22
20 5 77
72 39 73
69 67 76
52 64 17
20 18 6
33 5 83
89 45 88
53 93 30
29 67 95
99 3 41
22 47 68
8 96 44
0 30 73
9 57 44
18 18 29
8 18 86
19 49 11
9 15 48
61 86 56
23 11 71
62 9 91
82 43 57
27 32 7
70 45 71
31 26 15
12 65 82
54 45 56
22 19 32
44 18 100
50 68 36
94 15 7
33 51 85
45 64 6
62 50 45
3 0 31
45 53 44
38 60 10
48 88 73
64 29 81
12 0 99
6 83 81
21 87 28
76 74 61
43 53 24
32 88 34
64 56 92
1 79 24
63 80 29
62 48 83
51 32 87
16 15 67
8 63 97
97 16 18
88 30 96
34 11 39
22 38 36
76 88 63
43 67 8
80 78 80
66 80 33
69 23 33
29 77 54
58 88 83
66 16 56
77 43 46
47 94 92
20 16 87
72 43 98
4 44 81
81 54 11
86 25 93
92 38 62
75 16 30
21 7 58
33 29 36
75 32 16
6 27 7
38 57 80
62 90 18
96 47 65
39 25 25
89 23 59
25 99 48
68 10 51
63 36 29
11 34 58
93 97 84
5 67 19
4 2 1
89 25 45
77 34 38
33 27 70
73 50 34
61 60 23
46 89 35
68 89 27
41 57 58
78 98 2
95 25 48
58 60 7
77 96 38
53 16 60
92 70 50
12 91 39
52 76 19
63 73 62
30 67 93
71 5 22
0 52 23
15 47 79
99 20 60
17 68 73
49 72 20
80 15 10
13 42 31
56 69 100
85 17 88
70 30 67
45 84 11
82 12 64
80 20 90
40 56 49
16 25 40
92 92 4
78 99 95
20 79 41
64 92 62
97 82 16
58 76 8
5 55 57
56 40 46
23 41 64
35 57 67
87 55 49
86 32 52
1 62 30
42 1 78
65 13 12
33 22 32
57 16 35
88 20 64
66 10 55
3 11 20
13 63 2
35 20 55
76 78 52
94 49 5
41 77 39
69 66 45
19 13 14
65 93 90
24 89 8
8 68 85
85 62 62
39 14 6
71 49 34
25 83 11
10 97 95
20 52 4
64 36 50
43 0 61
92 19 6
99 2 46
82 56 19
15 13 7
76 81 13
32 27 81
71 94 77
87 11 44
58 87 92
48 24 57
88 40 76
83 69 62
33 96 31
50 79 54
48 82 88
73 88 70
93 60 55
62 71 39
51 64 46
90 85 68
61 98 12
92 94 74
56 12 37
90 53 52
50 27 40
61 32 56
80 47 75
5 94 58
39 2 32
90 73 28
27 99 7
37 70 19
6 56 49
24 44 81
5 4 18
56 54 55
0 85 92
99 79 66
2 63 28
39 21 73
96 44 55
97 62 53
82 26 24
26 87 91
98 40 44
75 43 54
29 36 50
79 78 51
0 1 65
53 52 95
58 82 77
83 58 100
39 88 62
42 38 49
65 6 75
16 19 58
54 3 78
49 31 15
43 57 69
63 63 100
79 59 96
76 15 92
35 13 93
93 57 71
89 8 57
12 31 44
86 70 4
56 49 35
69 32 31
22 31 29
52 2 84
61 24 2
50 82 92
92 16 43
42 91 8
2 32 8
71 38 82
48 54 15
8 59 82
82 15 74
69 15 45
40 70 82
15 34 74
50 44 100
13 77 27
23 3 69
74 54 72
30 47 91
54 82 42
94 17 78
27 43 86
90 75 72
67 82 78
54 12 94
95 35 73
29 5 46
32 97 18
78 29 73
43 30 38
52 30 60
53 3 52
60 74 100
12 56 20
59 6 14
95 70 44
47 1 63
39 54 81
49 54 61
82 5 45
28 43 55
63 5 40
23 39 99
40 4 76
83 70 52
89 42 83
9 40 34
12 29 62
89 76 38
54 4 89
18 51 55
58 38 30
56 89 37
98 88 96
89 3 74
88 39 1
2 1 46
39 79 53
1 73 10
47 32 20
29 59 65
37 67 7
26 77 26
92 87 65
69 76 13
69 79 91
14 63 33
1 21 94
4 39 42
83 27 51
87 53 18
26 21 28
83 39 9
41 0 82
42 86 33
49 37 9
72 9 27
88 84 48
56 36 27
11 55 24
74 5 31
89 18 90
82 10 57
58 85 87
40 24 11
12 9 51
0 60 35
49 24 39
52 34 33
20 53 46
79 92 43
56 61 3
46 41 12
70 62 1
82 35 42
16 7 44
9 68 95
62 13 61
63 99 36
65 45 7
87 22 11
27 57 96
96 76 67
54 44 59
80 16 7
22 35 74
7 57 40
44 55 97
44 82 36
79 30 9
66 74 62
17 0 82
98 96 91
74 60 72
39 15 92
27 14 77
30 91 36
57 90 95
11 35 88
55 15 24
2 56 71
35 26 27
24 12 77
23 58 33
96 73 27
72 83 53
51 71 87
80 59 58
56 83 93
80 28 33
56 94 25
55 67 41
15 7 86
41 94 57
9 81 26
16 3 79
49 79 21
21 13 70
30 85 65
48 81 30
84 14 5
8 49 90
71 14 68
21 19 81
60 53 86
55 31 81
90 9 39
27 91 51
21 61 81
12 99 26
8 0 40
36 56 45
76 97 36
50 4 28
16 93 10
88 69 99
4 8 35
34 16 22
18 10 15
88 35 13
61 16 72
87 10 5
94 44 34
59 57 74
98 64 4
10 53 9
44 3 82
48 9 46
70 13 7
77 79 45
89 80 11
81 74 95
41 88 85
39 70 5
43 50 99
51 9 67
46 50 91
16 2 3
33 88 85
51 15 88
95 67 24
63 49 88
95 55 7
18 6 26
81 59 17
85 76 94
78 92 8
9 65 46
91 15 11
64 19 52
40 51 98
99 95 35
7 35 88
86 96 89
69 29 77
78 95 38
40 99 80
6 75 37
15 61 67
6 86 96
23 92 29
77 74 8
83 57 21
18 25 74
21 8 78
45 49 24
83 38 2
49 73 1
93 58 72
25 5 56
54 85 71
94 65 53
99 86 10
97 77 49
10 42 39
62 63 71
71 58 98
57 38 3
58 68 58
64 95 85
57 23 60
56 2 97
27 40 90
82 41 21
1 81 3
95 47 13
49 52 63
20 41 50
19 14 93
31 42 38
28 94 33
4 75 38
33 31 38
30 1 88
12 3 55
60 13 22
17 79 71
81 0 71
54 25 60
55 60 8
48 23 28
20 0 30
73 54 50
55 41 90
46 15 91
19 86 99
99 55 32
32 18 63
34 1 100
27 35 70
33 43 82
61 12 86
87 16 81
15 49 50
2 21 52
68 4 97
3 43 22
98 15 99
26 2 98
86 56 1
69 13 27
4 64 77
98 66 24
34 46 3
93 15 66
9 86 64
38 37 95
11 58 78
46 61 51
15 10 55
97 12 39
97 30 15
19 98 35
46 29 19
30 72 30
5 39 47
86 77 60
99 31 52
0 14 44
64 42 99
15 1 41
78 65 78
24 34 20
23 9 52
66 57 24
77 59 18
41 10 80
12 49 18
98 73 64
98 67 74
86 97 71
55 24 29
14 52 48
51 41 64
24 88 10
91 63 63
56 29 35
67 42 22
68 96 11
12 80 35
73 82 4
17 74 68
74 26 44
79 95 71
82 28 50
22 11 81
42 94 14
51 19 15
19 34 23
80 41 52
11 52 84
6 31 25
70 58 84
52 15 90
99 66 6
84 85 23
20 57 51
10 16 77
83 77 58
7 85 34
36 86 45
75 44 96
29 44 49
57 59 57
74 12 35
16 54 8
67 40 72
61 2 41
66 49 51
71 93 27
31 93 63
66 93 41
84 18 99
82 25 32
82 63 77
42 34 86
37 87 15
64 64 67
64 55 54
42 32 75
39 89 86
87 5 89
99 26 13
59 66 97
52 92 92
15 5 13
46 30 17
27 62 25
26 4 17
89 7 35
56 90 82
63 66 7
41 8 19
17 91 36
52 49 57
33 0 6
85 70 39
28 27 82
61 35 17
54 62 37
93 89 67
64 90 97
15 80 96
21 55 30
26 61 62
75 89 26
10 19 15
62 68 80
34 18 64
54 39 53
74 63 37
82 50 29
27 94 94
73 60 20
15 14 80
99 38 76
26 15 78
51 53 99
10 95 52
32 22 93
54 74 77
26 49 65
13 56 54
12 72 48
74 89 7
34 91 42
87 39 9
0 27 20
13 20 6
98 65 70
37 58 63
39 62 43
44 1 73
64 60 23
83 12 27
32 94 64
44 36 3
99 29 98
80 21 96
86 14 40
81 23 18
12 92 34
84 33 17
23 68 99
45 1 11
79 15 14
54 27 100
41 30 51
12 63 86
10 86 44
37 73 6
13 17 63
3 7 49
33 71 54
23 31 47
74 2 99
3 38 51
23 4 62
47 68 69
24 64 76
72 84 73
53 4 37
46 66 65
69 36 100
90 5 3
50 36 51
6 68 12
83 46 23
44 28 17
48 66 99
13 36 39
82 78 90
55 36 47
51 23 94
6 6 40
70 99 16
38 6 41
8 16 19
4 10 45
34 80 15
69 41 2
25 59 72
52 0 86
57 26 45
75 22 47
29 83 35
67 39 13
57 89 16
88 63 80
96 83 60
17 92 11
8 3 10
89 40 54
99 82 19
52 18 98
57 82 41
88 26 16
84 32 39
34 90 44
83 43 81
78 26 51
75 91 63
70 72 53
73 9 62
29 94 74
96 45 83
37 40 91
45 13 96
44 65 82
69 77 75
78 72 12
87 61 8
38 77 14
74 82 69
52 80 21
14 13 61
32 43 86
28 37 76
80 40 16
24 49 53
95 84 79
88 9 9
91 76 68
39 7 10
19 85 54
89 5 8
41 15 26
29 54 24
21 83 14
80 23 39
84 86 78
56 75 98
2 22 41
93 9 36
33 8 5
0 44 43
23 21 36
22 15 48
56 51 82
77 23 43
30 18 70
78 28 99
66 20 67
4 26 41
82 88 44
93 70 13
77 6 34
15 65 65
2 8 27
88 89 15
36 16 45
76 0 90
90 43 32
96 72 98
0 96 44
28 29 45
14 40 21
37 11 38
77 26 82
92 30 51
44 46 81
42 4 34
7 60 21
79 76 97
20 74 76
52 6 14
32 19 87
8 82 1
34 97 17
65 7 76
97 19 8
94 9 98
92 11 86
74 71 7
84 71 59
97 53 93
55 56 16
76 8 1
93 3 47
11 11 92
87 7 43
5 34 77
24 26 45
74 81 70
40 10 17
1 93 100
84 6 86
91 37 100
0 47 40
66 60 80
89 61 3
2 59 70
64 80 66
23 14 87
62 57 28
85 72 47
57 25 23
23 26 61
45 39 45
98 36 93
88 77 58
71 48 1
60 90 51
92 68 91
25 57 29
65 31 8
53 24 52
15 20 86
14 17 71
30 76 73
3 48 65
82 17 30
33 89 41
32 40 27
18 74 18
81 8 99
26 72 13
96 49 76
20 13 91
65 72 9
92 54 89
44 30 76
65 89 62
54 28 78
45 96 40
21 11 88
3 10 90
69 52 88
22 21 46
27 23 44
58 84 93
45 23 68
22 13 18
49 8 90
6 80 90
94 75 52
69 56 67
9 30 18
84 82 97
93 47 39
72 1 50
98 39 73
59 40 83
56 17 29
23 56 18
12 86 41
57 20 62
23 60 34
53 99 87
75 78 73
96 33 72
27 85 1
60 58 58
22 20 43
61 55 67
21 24 37
48 31 16
67 6 9
1 48 48
45 54 58
54 96 50
81 37 31
49 18 46
41 63 3
29 84 53
38 27 16
74 93 100
97 22 46
32 29 62
13 97 46
93 50 17
0 53 80
97 57 34
99 98 99
33 35 18
35 40 14
84 60 53
41 21 55
61 49 77
57 3 9
6 81 79
55 77 10
21 81 81
96 34 77
22 22 54
81 50 37
14 66 68
28 49 40
78 91 65
26 50 26
89 92 85
15 82 81
32 65 23
30 95 84
21 98 68
41 71 76
80 69 47
63 12 100
66 89 26
94 95 48
48 68 25
82 6 7
79 7 53
65 23 52
43 46 97
18 12 51
4 20 31
15 51 16
95 49 15
84 47 39
23 99 40
94 46 61
65 16 27
12 90 98
21 82 53
90 42 46
35 36 97
78 64 32
64 76 47
58 73 92
62 33 44
67 15 2
56 82 9
66 53 9
80 75 7
61 22 55
9 2 53
56 68 43
43 15 1
30 13 37
33 97 5
33 2 49
83 8 5
42 63 85
2 5 75
25 20 26
62 75 13
79 45 98
42 61 69
42 79 4
16 48 63
75 84 54
8 90 15
20 89 26
1 58 4
85 95 56
82 81 1
3 63 28
0 11 93
8 71 38
94 3 61
47 25 42
15 25 47
4 12 45
59 79 12
76 76 1
59 89 41
16 59 68
81 70 64
86 46 14
93 56 38
86 4 11
21 43 36
38 67 70
38 75 65
19 2 75
47 59 36
54 56 34
81 39 58
60 79 28
11 71 53
9 25 61
46 1 85
72 56 79
57 72 45
83 90 91
17 15 14
56 3 94
39 74 22
14 60 12
24 99 33
76 1 69
4 22 70
3 44 33
59 34 41
92 23 85
44 37 57
64 70 83
34 27 17
9 63 72
74 28 69
6 28 6
84 90 35
45 55 91
98 33 51
20 71 92
76 71 13
47 14 51
16 56 33
95 75 57
38 90 67
55 93 64
43 18 6
95 74 88
17 7 44
91 40 58
92 98 71
55 39 66
43 21 63
94 18 79
3 99 72
35 58 38
38 46 88
27 22 93
99 14 76
7 97 39
21 57 99
71 7 61
39 97 20
11 36 40
69 37 8
33 82 90
4 5 94
51 4 34
24 35 99
84 19 64
14 90 58
66 86 90
0 81 88
51 33 48
89 88 35
66 81 11
55 13 36
82 40 82
29 56 87
28 82 38
94 91 12
47 29 44
52 91 33
93 8 41
28 6 61
44 64 78
32 57 24
32 35 67
43 72 93
58 44 99
87 41 54
28 35 12
14 41 24
76 11 95
89 67 94
12 54 67
90 79 41
5 75 17
85 49 70
39 51 50
16 8 13
29 24 94
55 25 41
54 84 23
27 71 5
15 26 58
84 5 85
72 59 20
53 41 63
23 24 62
49 13 15
35 14 23
53 54 8
45 72 26
88 48 87
22 51 52
83 5 3
19 38 56
66 67 43
7 65 53
46 95 78
86 20 94
93 6 16
81 13 3
62 19 18
38 3 56
85 43 25
19 53 52
2 16 92
44 6 11
28 24 92
34 6 47
97 46 81
26 90 48
63 65 74
34 22 6
16 1 85
31 91 53
87 31 46
39 44 5
48 73 32
16 88 33
12 43 81
24 72 99
43 26 53
87 79 71
40 50 42
37 10 16
66 90 92
69 44 22
4 17 84
72 80 13
62 38 37
99 91 56
78 54 98
45 3 26
29 86 57
55 63 15
46 78 68
60 91 56
96 29 31
60 18 46
83 84 53
79 79 89
65 62 41
47 57 30
1 67 98
41 90 71
26 76 97
32 98 57
68 23 77
1 8 7
71 92 30
46 21 98
65 69 28
87 19 30
24 10 24
79 88 20
32 90 75
64 1 29
13 32 70
12 17 73
53 43 28
93 35 22
34 95 87
92 69 55
37 33 52
12 47 88
49 25 21
52 71 69
2 62 69
88 28 81
99 62 9
21 37 28
21 75 85
68 7 28
35 72 51
40 21 18
81 84 12
44 49 57
98 58 100
20 42 5
3 9 45
53 37 62
13 8 46
63 55 38
18 5 80
58 48 93
36 5 22
43 51 59
34 40 83
34 88 87
29 27 86
27 36 25
35 65 69
25 88 63
60 44 3
81 7 76
90 1 97
2 29 63
27 87 5
81 41 55
20 68 96
66 64 9
21 2 75
19 76 40
54 76 17
96 53 72
24 77 21
44 14 93
52 40 61
33 21 8
16 55 83
41 53 8
39 17 40
42 2 31
94 53 88
9 3 93
56 24 50
4 87 41
84 3 6
4 42 89
19 20 27
69 34 34
20 28 94
88 67 30
61 15 72
31 33 27
81 91 9
68 54 72
27 48 1
75 93 44
48 16 89
6 77 73
64 4 81
2 53 50
49 76 50
86 2 59
70 18 94
39 59 1
23 32 56
46 91 56
86 43 82
35 91 48
98 76 68
59 85 29
27 7 97
20 26 68
40 26 75
18 67 5
48 62 23
10 25 43
84 16 59
80 57 5
0 57 69
58 36 44
82 79 15
37 3 95
77 29 10
21 15 8
92 55 29
36 79 45
31 90 50
82 90 39
58 31 9
73 41 98
2 88 1
68 0 44
60 28 86
89 43 96
59 31 82
1 46 10
35 38 46
34 57 65
5 93 47
34 63 70
98 75 29
42 76 75
45 4 74
89 30 49
64 62 45
0 42 84
32 70 45
42 56 10
31 77 15
73 95 28
56 65 54
77 49 53
61 8 18
31 48 13
39 61 37
97 68 19
52 68 24
75 30 88
77 48 7
44 80 95
32 32 93
14 77 97
74 66 48
77 25 56
17 20 57
20 25 78
60 9 62
40 59 36
11 38 6
64 72 66
0 2 80
28 97 78
73 7 22
26 56 23
86 57 81
76 19 87
88 4 44
12 84 100
70 31 49
84 13 17
8 25 67
78 70 31
19 29 58
21 0 74
3 64 10
61 20 4
90 66 82
58 4 85
52 23 13
77 70 41
86 29 50
11 28 57
77 61 8
28 41 22
9 52 76
70 86 10
