88 0 90
43 0 32
148 0 7
81 0 66
7 0 34
10 0 69
45 0 27
71 0 37
107 0 12
91 0 40
28 0 91
48 0 18
69 0 51
82 0 87
129 0 44
47 0 63
56 0 70
110 0 74
94 0 42
86 0 44
115 0 27
144 0 29
101 0 9
113 0 83
116 0 59
132 0 37
57 0 22
99 0 29
106 0 73
138 0 77
72 0 8
40 0 68
80 0 15
75 0 32
14 0 72
23 0 3
41 0 38
124 0 16
123 0 29
42 0 90
77 0 4
25 0 34
54 0 84
38 0 39
141 0 40
147 0 15
55 0 32
98 0 89
13 0 89
105 0 21
21 0 66
15 0 29
12 0 34
89 0 30
30 0 39
0 0 53
44 0 55
117 0 57
133 0 66
87 0 37
84 0 25
35 0 50
109 0 4
131 0 7
121 0 14
52 0 45
65 0 23
140 0 49
90 0 11
96 0 34
6 0 73
79 0 93
149 0 22
125 0 24
93 0 3
136 0 82
111 0 27
134 0 7
118 0 67
97 0 100
49 0 37
74 0 76
29 0 33
119 0 58
8 0 82
102 0 54
60 0 88
76 0 54
142 0 65
64 0 83
120 0 17
17 0 63
58 0 89
68 0 61
128 0 66
146 0 99
114 0 96
31 0 44
5 0 17
66 0 77
36 0 73
2 0 93
24 0 39
126 0 45
61 0 81
100 0 2
26 0 23
103 0 40
139 0 24
1 0 96
112 0 9
46 0 39
122 0 85
34 0 100
16 0 33
11 0 46
67 0 40
33 0 54
18 0 68
39 0 31
9 0 71
95 0 14
83 0 33
127 0 26
53 0 39
51 0 23
32 0 51
22 0 91
108 0 14
92 0 40
62 0 46
50 0 24
59 0 66
145 0 18
143 0 94
37 0 14
85 0 5
130 0 68
19 0 42
104 0 75
137 0 59
3 0 2
20 0 24
27 0 8
73 0 98
135 0 4
70 0 87
63 0 33
78 0 35
4 0 1
