10
118
32
22
15
118
46
49
84
148
69
140
9
75
13
42
69
12
14
74
49
61
98
49
56
68
148
103
37
109
27
23
30
7
51
17
127
147
116
13
97
12
4
44
65
19
36
16
33
19
60
84
92
40
85
50
31
35
103
44
147
78
70
27
135
29
46
65
121
12
128
68
2
134
75
69
45
41
103
10
72
35
125
34
128
12
34
9
50
120
55
47
48
25
76
14
3
28
53
120
14
17
38
39
32
115
42
125
41
64
34
81
31
93
50
39
107
66
28
7
36
78
104
87
103
18
75
102
4
22
24
7
11
113
82
19
78
42
109
87
108
125
29
142
20
71
105
129
139
128
139
22
56
45
115
39
78
8
66
84
20
140
127
33
103
11
65
16
56
24
73
14
49
46
42
27
119
114
48
109
92
141
137
50
37
54
113
117
96
29
51
118
28
29
1
77
90
68
111
4
94
13
13
95
83
27
70
53
89
25
36
17
32
103
17
7
7
147
26
105
22
76
73
0
107
76
80
1
5
41
46
139
30
61
37
36
84
43
19
24
16
33
9
3
138
43
60
147
8
37
102
28
115
23
25
72
103
105
121
148
148
31
90
29
80
23
5
33
136
64
7
29
99
52
24
39
97
38
36
91
125
12
66
90
15
91
36
120
2
88
119
4
107
59
27
10
38
72
7
24
138
2
3
39
56
23
128
4
112
14
97
39
4
13
132
21
106
146
8
46
84
113
47
6
22
30
34
62
105
43
136
93
47
136
135
47
9
65
41
123
130
107
13
136
30
147
8
127
143
50
83
30
13
86
26
37
33
62
149
122
107
87
17
4
73
46
7
85
70
17
58
50
126
73
12
146
70
46
75
16
98
9
48
113
145
124
0
114
36
49
38
7
89
58
47
12
62
56
147
18
75
8
34
51
83
73
0
4
31
125
22
70
136
120
33
84
94
84
48
20
37
89
25
24
3
72
9
109
130
140
142
56
50
22
109
84
101
41
90
73
87
38
7
73
84
76
7
28
38
58
10
50
3
35
28
4
109
21
45
41
12
99
147
12
128
59
98
79
68
38
2
5
2
3
81
136
124
90
14
88
50
26
140
3
63
19
43
22
90
1
114
104
50
63
33
80
28
115
10
43
44
14
50
8
62
19
5
12
74
11
78
74
88
69
74
1
90
119
26
18
30
142
89
123
7
106
53
30
23
65
75
19
130
25
40
6
41
37
16
35
98
64
41
36
135
35
40
75
5
116
60
23
60
1
102
117
107
42
149
132
73
74
36
5
52
6
1
13
93
13
98
41
102
59
80
87
145
122
35
48
40
27
131
50
76
36
117
15
44
117
33
119
7
133
25
95
141
22
42
84
16
58
128
32
32
10
57
115
134
24
117
24
101
50
24
21
136
143
14
30
110
16
0
46
119
23
51
111
5
60
3
71
32
127
41
138
139
101
103
123
25
22
3
79
123
23
108
109
17
125
142
23
111
144
133
80
29
35
7
22
97
41
52
115
30
95
56
40
46
9
133
24
82
133
105
7
6
63
118
73
10
110
53
49
56
36
82
77
121
125
58
20
32
40
14
11
105
44
49
46
103
86
28
13
69
17
44
126
48
13
1
41
125
104
42
32
143
126
111
66
54
19
137
24
29
125
15
137
19
16
141
124
47
29
38
72
44
8
0
54
23
52
97
1
42
142
33
49
70
6
68
26
64
7
1
95
18
66
82
51
133
73
25
88
94
11
10
100
48
13
43
121
67
104
122
75
48
5
29
31
50
99
7
116
44
4
61
140
113
6
41
48
69
68
14
34
60
2
116
42
61
75
81
130
18
6
8
80
61
39
99
113
12
95
79
146
141
9
136
104
13
21
46
58
49
10
74
41
9
41
119
54
118
51
35
50
59
93
81
30
18
30
134
28
25
63
120
119
56
106
25
45
87
30
106
14
22
30
148
63
73
117
32
42
30
53
42
79
148
27
100
132
6
36
46
17
101
124
48
40
32
28
55
31
108
11
43
132
44
45
46
33
123
64
11
95
33
104
25
117
79
127
99
135
13
103
121
36
29
123
126
111
1
32
82
111
45
41
94
91
47
142
109
28
56
122
117
25
76
8
8
42
121
93
95
16
46
66
49
77
40
127
10
43
39
74
43
9
35
53
50
62
45
61
36
103
34
4
22
112
2
28
72
30
115
18
44
37
134
43
90
24
135
82
22
98
6
19
43
21
84
42
86
131
21
124
84
105
130
64
20
21
86
142
49
3
10
43
32
147
66
42
48
56
5
62
101
4
50
130
11
6
141
36
47
22
1
137
145
96
74
127
94
60
46
50
81
88
7
84
3
61
128
5
33
17
70
118
29
70
50
90
126
41
56
82
69
106
21
17
4
145
6
149
8
90
1
139
28
4
26
82
107
4
89
124
38
9
44
117
82
144
10
10
35
116
142
106
24
35
27
79
113
17
78
29
109
81
112
140
127
140
72
84
5
37
10
35
23
56
46
107
50
14
33
87
133
112
5
7
127
19
88
90
38
32
63
2
99
22
140
76
32
14
38
35
27
22
2
52
128
7
9
20
23
21
69
42
141
115
32
118
16
106
59
24
125
124
72
26
48
14
47
123
78
117
138
44
10
9
58
120
0
70
49
73
99
22
82
90
13
52
10
21
8
71
96
135
46
30
12
0
35
33
27
115
134
114
121
126
45
18
97
43
54
50
32
3
122
116
95
40
18
107
17
77
29
81
14
77
54
76
127
91
45
49
56
18
67
28
42
24
12
57
31
116
43
113
121
130
80
18
92
148
25
77
27
54
9
92
19
113
18
111
54
66
112
40
98
19
10
106
55
52
14
136
30
27
99
141
105
19
9
47
20
35
25
57
91
14
1
123
101
20
84
5
136
2
33
36
29
8
8
86
62
8
72
83
32
27
26
13
5
38
37
35
123
14
94
16
2
144
11
47
34
75
8
48
75
23
38
106
13
32
42
52
43
116
137
125
140
13
114
147
101
47
32
26
17
128
93
21
122
84
24
90
38
34
44
39
62
84
4
99
33
40
1
60
41
12
13
101
4
103
98
45
107
132
16
126
110
127
2
35
13
72
25
25
43
70
115
21
4
113
30
27
45
26
35
36
36
72
115
18
22
15
24
135
3
10
63
42
13
63
5
50
138
20
78
145
92
43
32
147
42
12
122
37
36
8
130
21
82
47
47
110
113
73
47
112
85
113
120
74
26
117
127
14
12
55
39
82
100
21
79
108
30
4
121
16
62
53
13
146
49
63
59
114
138
44
76
74
71
1
50
148
118
127
12
44
32
24
89
134
5
30
92
25
24
16
60
40
119
75
37
72
140
146
36
81
104
115
43
26
116
43
24
84
135
38
43
31
64
134
46
120
106
48
5
133
114
57
23
36
17
110
42
125
58
3
56
35
38
63
7
80
71
19
34
8
59
59
27
26
5
31
144
48
82
141
135
46
49
8
132
34
121
141
9
19
140
68
148
48
19
9
34
54
60
50
112
30
112
142
146
43
25
92
111
107
83
96
4
134
107
138
18
30
81
30
61
71
100
12
25
131
53
109
12
116
38
50
88
76
94
84
35
120
26
3
77
111
143
131
96
52
72
116
132
3
148
4
125
98
58
0
32
39
112
70
79
76
22
17
46
33
103
39
137
131
86
16
93
32
2
9
134
120
43
69
125
108
115
100
56
25
103
138
138
17
10
68
95
35
87
99
4
41
12
9
26
77
57
69
41
57
110
95
21
70
14
45
28
131
57
134
44
38
75
145
29
87
15
26
28
48
75
26
5
114
19
20
41
79
139
2
138
52
147
32
28
36
125
2
145
32
14
104
45
63
51
76
1
116
53
25
70
22
52
116
142
73
138
15
2
127
37
9
19
13
39
3
1
136
55
148
18
44
102
65
109
3
8
112
121
95
138
42
123
8
8
68
115
4
103
120
125
143
39
43
20
28
38
31
42
20
29
22
66
134
94
23
139
136
140
111
33
80
45
6
74
13
124
39
11
30
9
138
23
28
97
53
146
62
86
106
84
35
135
48
101
31
21
91
31
121
4
52
51
9
60
25
24
13
17
85
67
28
25
92
3
125
5
1
37
131
108
123
98
45
125
50
126
46
143
97
126
3
1
21
56
61
43
130
98
24
17
33
54
92
61
107
19
58
109
58
9
67
31
140
38
6
8
138
11
15
85
139
32
86
32
138
149
127
70
50
47
137
19
58
31
131
15
101
39
26
9
81
91
91
23
55
99
65
43
40
52
130
101
134
18
72
74
18
49
6
118
53
133
13
113
14
32
130
117
10
107
129
141
0
22
34
106
29
81
49
134
135
132
85
119
48
7
5
20
59
9
140
114
26
22
77
10
148
57
42
40
14
89
103
17
39
119
27
18
2
26
34
13
44
102
108
41
111
47
19
20
6
28
16
30
48
63
37
102
123
29
113
13
62
66
54
73
36
29
105
40
54
74
78
12
22
36
27
139
40
5
38
36
21
148
9
133
62
22
85
35
5
48
24
