93 55 54
42 57 58
53 72 100
72 54 67
35 56 44
8 27 40
1 26 26
72 12 100
7 23 45
32 31 19
89 40 14
80 94 31
38 1 91
98 56 17
46 58 72
25 75 2
44 32 55
37 42 58
90 51 98
27 35 66
78 32 3
56 69 73
10 81 50
96 21 87
78 47 27
55 94 86
99 58 94
60 24 43
34 74 59
30 11 3
49 40 94
21 42 1
66 17 74
42 52 4
51 50 70
54 12 33
66 76 68
98 91 6
3 90 100
69 30 65
54 6 14
25 70 96
74 68 53
48 35 95
14 65 66
5 3 60
23 16 45
20 66 47
93 17 57
83 50 19
22 34 14
29 13 80
45 66 65
58 54 54
57 34 7
17 38 81
23 5 27
2 4 63
85 10 69
5 72 3
14 92 59
64 16 39
79 86 4
96 41 38
77 25 10
35 63 28
25 66 54
8 8 73
97 41 87
48 22 45
76 17 3
51 25 18
38 27 61
52 89 66
36 19 90
30 83 17
37 73 29
26 38 29
31 97 93
78 10 45
29 10 98
27 26 79
14 83 90
87 69 84
41 84 58
83 8 70
25 36 53
29 89 63
20 59 50
88 20 82
54 91 33
50 45 25
95 25 97
50 1 37
43 43 65
46 6 21
96 92 31
55 67 1
47 56 6
66 78 59
38 91 61
98 32 12
42 56 96
28 33 95
62 77 73
20 70 29
95 9 17
65 49 78
50 65 13
73 64 69
5 89 96
29 46 74
51 10 38
56 2 16
3 4 83
3 84 50
61 30 10
93 12 51
94 93 47
17 72 5
87 92 91
93 84 57
74 11 33
10 73 13
9 80 98
38 12 72
60 10 94
68 97 57
29 3 12
27 69 97
89 77 25
88 98 97
34 7 71
20 32 99
58 51 95
31 72 56
8 51 56
35 32 100
43 56 60
94 64 56
42 24 23
89 19 2
56 96 30
69 40 86
80 5 99
62 54 88
5 22 77
5 41 1
7 10 11
93 13 95
68 36 44
60 29 43
79 95 24
52 76 4
40 58 45
44 99 47
19 65 49
5 51 1
53 11 38
12 58 5
13 66 13
37 55 48
6 76 38
9 70 95
11 84 69
42 92 4
78 72 33
45 78 68
34 19 8
74 41 13
35 66 52
51 44 20
34 5 20
18 77 6
20 27 92
30 96 58
9 78 19
79 49 85
0 42 13
96 70 23
17 58 73
14 16 17
31 54 79
2 89 72
87 65 45
82 61 68
48 91 37
39 72 67
13 87 81
62 75 36
92 38 93
90 82 73
43 83 12
41 6 3
16 71 23
21 48 47
34 29 6
7 40 71
51 99 63
88 2 7
48 74 3
86 87 87
40 55 86
69 82 70
92 22 14
80 66 70
44 75 94
89 67 16
48 71 62
46 70 66
35 72 80
85 69 44
7 29 38
78 46 11
32 7 43
82 49 38
84 9 63
34 90 48
91 95 78
53 3 27
6 10 79
40 93 10
0 15 68
17 47 13
34 43 46
11 36 66
59 6 51
56 20 16
83 47 49
76 20 41
90 66 56
92 2 74
5 25 20
19 80 50
49 2 7
23 29 15
29 51 58
19 58 93
92 90 85
99 9 84
78 18 91
75 9 35
72 18 19
60 15 71
95 33 67
16 38 45
6 97 48
58 26 70
21 44 47
34 60 20
7 79 70
70 43 24
55 59 10
86 31 45
30 69 24
81 86 83
24 88 54
8 93 52
67 48 94
50 24 51
91 64 75
74 97 77
5 78 23
57 9 60
17 76 1
5 26 96
39 35 14
48 43 38
16 50 80
27 66 80
75 44 67
97 81 100
55 21 44
67 95 11
84 1 48
27 57 32
73 42 25
73 59 57
73 87 27
25 69 10
11 78 73
70 45 46
98 63 60
9 1 41
57 16 80
59 60 42
10 84 16
54 76 82
10 96 10
88 90 78
9 47 15
53 16 84
50 9 36
83 72 78
58 47 20
67 41 77
4 96 82
6 34 8
45 61 11
90 76 42
92 45 27
53 6 89
57 63 71
33 89 43
70 22 83
50 81 46
86 86 4
66 54 50
60 17 4
31 56 57
82 77 47
82 3 8
25 59 72
53 84 3
59 83 70
66 10 61
36 72 47
61 11 22
83 73 47
97 18 37
27 63 61
73 37 81
67 36 83
92 63 8
64 36 74
27 82 58
54 67 41
58 82 72
36 78 84
37 7 83
82 12 35
80 99 71
67 23 42
61 68 98
0 45 83
17 88 26
43 81 31
63 16 20
13 93 13
26 53 49
29 34 41
25 93 1
85 96 89
2 43 81
41 90 81
96 95 56
65 14 21
73 73 35
31 45 7
50 67 36
36 4 44
17 56 16
55 53 98
8 88 31
37 80 53
48 50 84
81 21 41
64 68 45
22 58 1
51 66 25
21 32 81
53 43 23
15 95 34
12 83 95
29 40 99
75 59 91
53 35 52
83 93 15
83 48 38
8 33 35
72 13 30
85 4 65
27 29 22
45 2 83
0 87 93
76 11 32
49 53 39
99 7 33
73 57 100
62 46 75
47 29 15
79 63 67
50 42 15
10 75 61
31 98 87
22 62 58
48 23 99
41 86 42
78 24 24
2 27 21
13 45 52
36 74 44
0 90 74
15 20 12
63 99 13
5 74 25
56 37 74
73 33 5
39 24 56
75 29 70
23 44 78
83 55 27
9 12 74
79 66 69
44 53 80
7 7 83
97 70 43
71 93 98
6 19 90
85 6 79
87 71 93
4 36 61
82 25 81
79 67 38
78 85 76
47 3 3
50 60 76
27 94 42
24 58 24
69 62 80
24 35 72
56 94 40
26 73 22
24 80 60
38 13 78
67 49 40
91 62 34
33 82 28
80 78 76
96 72 56
27 78 15
7 27 11
7 55 93
61 14 37
95 54 70
19 96 53
71 70 93
18 68 25
42 22 42
91 17 35
21 68 15
5 70 65
45 98 78
75 82 30
60 87 15
88 74 21
1 58 87
13 46 77
16 45 77
41 35 64
98 6 12
98 66 17
63 1 29
65 94 90
76 82 96
91 91 61
2 2 25
82 35 89
1 5 84
46 38 49
87 54 82
75 28 17
54 46 69
87 23 1
47 8 54
77 48 82
71 25 42
58 38 51
51 78 78
52 87 90
80 97 9
3 96 78
49 6 13
12 91 37
72 65 89
10 29 18
4 70 35
11 38 22
97 95 79
57 8 65
23 27 52
62 74 64
18 92 69
58 36 7
83 37 70
65 7 64
41 28 67
81 78 79
5 11 19
44 42 77
37 63 24
98 5 68
5 38 84
81 60 75
88 21 47
10 32 78
49 4 12
16 13 98
28 85 78
10 43 8
67 39 59
36 53 74
52 24 25
70 87 25
2 52 76
61 0 41
5 21 85
85 17 67
95 3 20
14 94 36
93 33 75
95 64 58
70 80 24
58 28 18
1 98 39
30 45 2
92 33 14
30 31 99
23 66 72
63 42 6
65 52 61
47 92 94
17 75 18
20 87 10
32 92 33
10 24 53
58 35 81
2 19 28
56 6 52
45 91 33
41 17 32
91 50 96
1 65 35
65 5 33
70 33 97
75 14 56
18 91 44
51 35 100
16 14 4
83 70 6
73 94 20
50 78 20
13 19 44
53 99 60
6 17 69
37 3 7
41 95 84
54 74 78
16 91 37
4 56 63
47 76 67
3 36 85
61 8 13
91 93 97
17 67 96
3 19 10
69 74 65
52 66 68
94 20 37
15 83 51
73 19 59
12 29 42
8 68 58
27 95 12
94 0 52
3 40 97
45 38 68
97 5 87
91 5 27
63 6 91
79 40 41
45 0 46
89 83 3
22 3 12
13 53 3
0 20 72
73 30 33
3 93 99
29 43 12
21 94 51
18 37 64
39 85 27
77 30 34
53 73 53
89 10 83
4 0 88
9 22 59
19 48 51
2 73 83
41 71 31
53 98 3
9 32 24
89 56 63
57 89 59
67 37 87
64 19 87
5 95 44
94 19 91
1 76 21
90 59 1
21 52 52
1 49 11
98 92 12
68 44 64
60 41 23
65 43 5
40 6 56
68 31 57
11 96 23
10 58 62
65 21 89
98 60 55
66 55 17
35 17 92
80 75 64
64 21 54
75 98 59
9 82 23
22 20 17
6 29 21
13 3 18
70 21 95
81 36 85
62 3 51
17 24 71
75 69 29
52 93 15
10 18 63
17 43 18
5 56 52
88 55 79
47 69 82
83 56 41
41 20 53
16 1 15
97 84 32
31 51 27
83 95 19
87 77 74
2 38 6
72 90 65
66 13 59
97 43 42
28 38 71
66 95 87
4 52 49
87 47 53
57 2 18
42 55 48
24 9 49
36 42 77
6 69 97
88 22 29
75 37 32
63 61 15
93 6 75
67 35 23
68 8 8
15 65 7
27 34 53
4 60 10
38 57 91
58 86 16
44 46 12
99 40 97
25 58 48
55 64 41
89 44 42
57 22 55
6 62 68
87 76 10
71 54 94
45 36 81
85 18 37
4 2 81
58 12 92
10 33 61
26 75 11
4 4 50
51 29 35
91 43 25
0 39 96
52 38 85
39 18 70
87 88 67
21 91 68
53 37 94
69 58 73
36 9 56
83 71 16
85 40 98
45 32 61
75 16 30
0 68 12
37 83 54
35 82 7
51 40 80
36 95 12
69 51 73
34 44 31
29 64 71
62 1 17
30 90 97
31 60 93
14 11 2
24 78 98
61 16 24
84 36 62
19 17 51
9 5 74
60 96 85
12 78 69
55 0 70
12 70 39
71 83 28
32 87 17
30 89 42
48 59 87
24 63 55
50 72 8
61 42 24
75 45 24
54 15 62
95 20 72
76 8 18
67 56 48
42 67 35
22 87 57
33 16 14
23 83 41
21 96 45
9 42 67
76 32 19
62 67 69
66 98 19
82 36 61
36 23 39
63 17 51
27 30 86
3 88 96
46 85 15
53 10 44
58 90 10
90 79 89
89 38 74
19 53 39
98 89 28
67 42 22
89 16 85
96 36 71
57 64 75
27 44 42
23 64 43
58 27 48
22 67 35
5 18 90
59 25 24
14 68 98
81 98 70
4 12 55
79 80 75
75 89 71
99 44 85
9 76 66
73 82 59
33 7 55
22 57 47
6 21 1
36 79 28
31 80 41
20 23 60
28 50 77
69 92 93
70 78 51
38 6 13
76 70 14
20 1 5
50 68 44
97 53 12
21 64 69
21 84 83
55 78 25
49 91 23
89 36 98
81 43 8
14 98 1
10 48 78
70 25 15
8 63 96
63 57 5
64 64 88
95 60 37
84 41 49
37 5 60
71 75 19
62 59 43
30 51 93
84 19 5
16 12 65
72 46 12
28 80 72
3 8 62
1 8 25
43 25 50
48 31 43
64 99 77
46 15 80
63 27 66
21 63 79
99 11 2
80 50 44
46 65 71
67 7 90
43 50 73
42 50 86
56 81 89
19 63 13
58 85 42
29 90 64
24 65 26
81 55 17
61 21 62
30 81 49
69 43 55
8 74 45
63 72 51
61 57 61
37 20 91
69 46 74
69 47 81
94 81 14
37 45 93
35 79 71
66 26 80
79 16 27
98 24 3
25 8 58
3 92 4
17 25 48
21 56 58
3 23 45
5 62 28
77 4 91
44 30 31
93 49 28
76 78 94
32 59 72
76 0 68
39 71 53
96 16 69
22 76 22
11 28 9
32 17 98
40 27 72
21 7 72
47 14 3
51 73 96
24 79 40
15 59 92
22 18 36
56 93 81
99 8 57
17 70 49
58 10 38
13 82 95
9 81 56
3 75 77
71 99 23
73 47 89
95 11 71
62 94 60
6 71 6
20 68 30
53 81 90
47 20 46
39 32 49
22 14 3
45 62 8
71 16 56
90 74 69
83 76 63
38 90 91
18 60 99
42 35 78
70 94 10
68 3 44
37 15 31
35 87 64
97 46 1
17 77 55
65 36 65
74 47 4
79 61 58
74 39 96
50 57 36
77 93 32
84 60 96
28 7 89
71 29 38
66 19 97
54 16 5
7 59 40
32 21 62
5 94 10
61 95 76
4 73 1
86 20 46
85 91 36
86 5 20
29 65 88
82 39 5
86 67 79
8 15 35
63 51 9
12 4 85
90 55 33
33 76 12
1 25 95
72 40 42
50 89 37
10 60 55
45 23 93
31 34 60
74 5 14
14 74 85
82 65 70
70 72 76
1 35 85
17 90 60
61 73 67
72 87 58
12 24 57
81 50 54
55 50 43
98 2 85
47 33 80
99 76 100
0 62 54
49 63 48
77 60 75
34 98 80
89 3 23
54 27 2
15 79 85
14 7 85
23 60 42
97 59 99
27 47 94
11 62 65
18 29 95
70 57 79
6 4 36
93 53 37
45 86 46
40 45 34
86 59 76
84 21 32
29 75 71
2 7 51
47 81 65
91 58 96
14 37 53
46 21 64
31 20 42
86 50 69
25 72 45
32 60 8
33 4 76
8 9 71
64 20 54
84 47 84
42 81 69
0 48 15
72 70 84
3 31 38
70 86 99
4 50 18
94 97 69
64 39 100
43 31 50
1 6 22
83 42 19
88 46 96
48 15 12
1 70 22
51 14 17
66 45 33
94 69 68
56 85 29
52 36 52
33 5 94
90 36 55
96 64 82
42 95 21
71 43 8
83 33 9
91 92 6
18 35 83
56 86 68
59 42 80
0 51 53
25 95 91
33 41 60
82 53 95
45 92 32
31 64 55
58 60 2
95 31 76
58 31 40
64 62 14
33 40 84
66 53 63
58 94 11
84 16 10
92 93 9
46 28 90
27 31 82
47 57 68
23 43 31
83 45 78
87 93 48
42 53 60
64 35 6
54 30 40
77 18 58
57 70 14
30 85 28
12 77 94
69 27 61
81 39 25
74 63 41
82 97 10
61 93 32
43 23 36
91 83 35
84 58 60
7 64 82
97 76 87
91 20 96
4 92 78
20 19 89
66 6 20
60 91 39
83 32 60
92 94 51
88 43 23
96 48 27
1 69 60
85 11 82
63 12 47
67 10 84
19 51 29
12 27 5
23 4 68
95 94 98
68 82 70
55 76 76
67 79 48
55 2 83
21 99 68
10 50 83
32 29 86
35 64 98
34 53 62
13 43 51
78 54 59
92 49 49
70 19 93
84 78 1
23 53 9
52 97 12
26 55 100
38 7 15
74 69 90
99 55 75
6 9 82
8 67 95
3 62 88
35 88 68
58 95 43
57 71 5
79 9 8
26 5 6
96 55 19
59 44 6
42 3 11
21 74 63
88 3 28
87 86 29
26 82 69
29 56 75
95 63 8
41 44 94
12 18 15
50 49 57
54 69 13
27 6 90
22 33 49
50 99 43
84 24 96
75 0 94
88 4 15
53 0 73
75 92 54
24 95 29
39 42 49
94 5 22
5 48 78
19 83 78
86 23 43
43 95 61
1 48 23
47 28 25
64 44 31
31 43 84
27 56 88
95 98 52
99 93 43
91 78 77
41 55 33
53 39 70
91 85 18
95 1 17
75 95 49
77 49 19
97 64 16
45 71 98
33 20 35
75 8 100
5 69 16
15 30 69
32 33 97
80 49 69
46 47 72
15 58 10
18 38 33
97 85 34
83 74 86
21 70 34
87 66 41
93 41 77
85 28 44
47 49 7
35 27 70
1 9 72
15 92 55
58 9 41
33 27 16
99 14 58
31 16 4
0 38 44
93 92 15
21 9 82
77 87 72
97 4 66
13 28 95
3 26 65
80 41 59
25 85 35
49 97 66
2 81 66
74 87 55
92 73 83
36 69 24
42 4 87
70 66 43
53 56 68
78 41 12
95 52 39
69 70 69
99 65 2
34 3 86
43 89 10
70 28 71
54 34 57
1 51 40
91 10 37
70 73 26
25 74 49
49 3 78
13 34 23
59 51 60
32 44 39
77 57 96
77 70 1
5 53 30
68 65 61
52 3 70
15 93 58
43 57 41
67 63 20
88 24 10
82 17 34
90 22 27
52 56 49
24 21 21
95 71 68
8 95 46
86 13 67
23 47 24
74 12 48
35 53 60
47 70 100
55 81 12
8 50 26
29 73 79
44 24 39
41 85 18
5 9 33
87 81 6
17 51 42
85 21 88
19 23 93
8 92 46
32 94 50
23 3 46
84 15 95
59 45 45
14 71 57
18 11 92
5 86 58
83 34 61
12 59 88
25 77 93
43 65 26
94 27 77
54 33 75
19 35 17
1 20 4
71 81 42
74 48 33
49 19 61
39 93 74
12 21 18
88 18 35
17 64 80
11 61 84
77 78 35
11 21 10
76 76 74
48 24 77
20 61 63
45 44 19
84 38 21
40 46 61
49 64 19
96 73 62
18 17 97
9 61 50
4 97 74
52 96 17
20 7 68
50 33 34
33 73 83
80 86 56
23 46 37
30 29 94
2 26 10
89 81 6
68 41 88
12 97 100
82 74 5
32 83 78
46 0 62
82 72 81
78 84 84
76 93 54
96 67 50
17 61 72
63 60 54
97 86 35
86 30 64
32 81 25
90 11 57
77 83 73
86 63 16
19 20 72
38 67 7
24 50 66
42 13 54
37 71 80
7 85 32
54 47 8
55 65 94
16 62 15
57 73 54
27 76 70
75 34 55
56 46 7
97 17 63
94 55 62
38 8 78
79 59 54
97 82 15
52 16 78
51 47 51
44 29 34
3 59 5
89 68 58
1 75 38
15 96 44
91 87 44
83 31 62
4 85 35
59 15 4
66 63 61
44 72 13
8 12 10
56 26 16
99 18 46
18 24 98
95 66 4
97 37 19
75 58 92
43 38 8
52 20 22
63 82 9
32 57 76
70 74 13
44 36 16
17 99 21
97 8 75
41 98 72
56 39 77
17 89 90
68 95 76
11 86 26
42 51 54
49 46 91
84 44 3
57 84 74
1 59 66
71 68 29
44 83 18
99 97 94
10 77 37
75 87 60
25 91 85
63 70 55
80 2 27
95 62 56
12 49 17
35 18 30
53 68 46
31 63 71
62 36 68
49 67 84
46 33 21
37 24 83
4 57 51
17 5 43
42 16 86
73 83 88
69 15 57
15 23 96
45 5 99
14 87 11
18 1 86
33 60 83
61 82 41
66 0 45
51 58 54
47 4 22
52 74 6
78 82 98
37 34 4
71 14 94
57 45 2
76 37 17
95 42 87
67 53 86
86 88 74
26 77 25
52 45 59
86 1 35
82 55 69
62 20 42
41 72 29
38 79 86
23 57 14
5 65 56
79 21 53
86 55 67
90 97 77
93 38 14
12 51 9
61 55 71
92 12 2
38 96 26
69 42 86
3 89 3
68 74 26
78 97 17
89 21 84
75 46 13
84 5 10
54 38 18
52 53 34
92 11 91
43 86 6
65 29 51
36 43 47
9 31 79
81 81 8
52 55 20
62 45 6
39 56 58
55 75 93
63 2 16
61 58 94
9 86 38
61 27 39
96 34 61
59 86 84
94 31 14
93 80 71
97 99 49
27 71 62
64 52 21
22 1 54
25 25 47
58 66 71
72 37 39
50 3 32
58 79 1
13 52 97
86 0 36
24 64 60
88 0 6
77 13 61
96 30 51
4 25 67
71 37 19
81 47 10
44 68 32
47 27 72
86 33 17
72 85 92
56 31 67
46 23 48
40 12 42
53 22 68
35 55 59
60 26 33
91 71 24
27 39 88
60 79 66
18 56 83
89 24 25
29 57 92
60 38 80
27 87 85
64 3 62
22 61 97
47 41 40
71 57 44
24 38 58
38 26 47
8 43 58
20 97 10
44 23 100
99 43 20
40 20 67
37 36 78
10 38 51
89 18 63
97 50 57
94 48 35
47 46 4
87 19 52
84 95 24
27 84 58
22 90 75
69 69 94
26 31 60
49 37 59
75 6 17
17 44 38
48 49 9
26 57 16
52 88 17
47 19 39
12 48 52
91 21 98
39 27 58
43 2 11
85 82 74
58 98 18
16 63 13
98 58 63
73 58 57
44 86 40
2 66 3
25 17 55
81 10 86
89 35 63
94 74 38
68 42 46
90 70 52
43 70 63
50 54 57
30 97 7
87 4 68
12 56 60
18 87 50
62 7 31
65 16 43
52 42 65
15 42 37
69 95 78
50 7 59
46 20 69
57 7 29
9 18 95
48 41 17
55 22 26
69 64 21
27 92 52
29 42 55
93 90 73
75 55 72
73 11 81
26 29 16
96 49 10
27 96 40
8 94 71
87 37 9
85 76 88
13 21 39
17 62 44
26 45 97
88 76 96
79 11 20
86 41 31
88 6 50
44 21 86
21 23 17
29 4 26
33 46 3
80 59 19
62 55 76
73 31 24
59 73 2
72 9 93
52 21 30
60 77 13
19 3 73
74 73 67
15 62 9
70 38 45
88 19 59
41 21 22
4 45 15
74 93 40
93 45 34
37 46 42
21 20 14
99 54 61
30 61 3
88 26 2
9 25 67
58 5 93
88 16 43
44 26 43
48 19 69
5 84 87
86 2 34
35 37 84
69 75 13
85 31 98
93 11 9
69 81 87
51 64 54
17 84 84
82 98 15
76 52 59
46 48 51
45 70 31
71 9 86
9 56 72
23 23 53
13 94 57
81 37 23
33 75 90
88 89 69
81 3 71
9 38 19
60 25 84
72 20 33
30 33 5
26 4 52
65 67 54
16 92 35
98 30 40
95 17 14
67 43 3
5 92 54
94 10 32
98 64 89
43 45 76
13 88 6
17 50 91
67 66 87
33 67 1
27 42 83
51 5 70
65 11 58
8 10 6
8 3 39
81 63 93
16 49 39
49 88 73
63 21 10
19 26 76
35 21 10
27 88 89
91 59 10
90 35 54
43 40 13
37 89 48
52 71 34
21 88 72
19 78 73
36 17 67
44 38 78
57 52 10
80 33 17
53 28 88
35 83 84
93 31 14
13 55 42
47 36 9
66 99 9
22 85 79
76 64 28
69 7 37
88 51 10
56 56 58
73 14 11
78 26 2
57 15 60
38 77 72
37 4 95
27 50 5
61 17 49
7 81 63
0 22 96
92 43 6
79 24 30
86 64 72
24 61 77
73 25 22
10 85 5
69 24 10
1 18 73
15 40 10
17 31 29
29 55 87
40 41 71
45 84 31
21 5 46
48 6 49
52 99 14
98 96 56
97 66 6
4 84 30
68 62 90
95 97 43
24 30 41
75 73 63
53 23 78
94 11 54
72 94 5
1 57 51
94 66 72
44 80 88
41 62 53
56 19 17
7 21 77
28 21 76
66 42 35
61 84 85
4 42 55
35 76 10
8 34 83
26 78 92
4 55 26
19 74 13
59 54 38
69 80 85
93 47 45
69 28 68
21 97 92
35 81 28
15 4 76
34 93 49
2 58 27
42 6 97
95 44 15
99 39 85
15 15 6
86 47 6
19 71 13
15 13 34
74 6 41
13 49 48
59 22 55
54 77 49
74 64 51
56 49 55
79 19 51
31 65 14
93 14 67
37 85 26
86 36 83
40 19 3
43 16 34
18 4 68
4 29 67
48 5 46
69 50 48
64 7 15
66 41 62
62 10 88
99 1 11
15 0 10
63 26 17
37 30 50
18 23 29
73 16 23
76 31 14
77 51 75
74 75 15
32 3 6
51 91 27
69 19 20
89 80 68
99 31 60
91 90 39
56 73 51
26 33 97
82 6 44
63 39 9
79 8 87
12 38 10
62 86 55
73 60 87
56 65 76
90 83 41
17 60 75
13 61 45
90 34 59
30 27 81
60 48 19
31 92 62
50 21 44
35 19 100
67 13 99
25 19 90
17 28 86
5 64 6
91 8 34
16 53 100
30 19 28
57 21 3
42 79 15
57 31 49
5 52 42
9 3 55
39 67 96
74 72 33
20 5 42
34 66 57
33 81 63
20 91 6
94 42 82
31 37 81
69 66 85
47 79 38
30 59 78
42 34 97
92 9 99
4 21 20
16 83 29
42 78 78
69 68 14
2 48 96
65 6 27
25 26 93
98 98 60
39 9 26
75 66 10
4 43 83
20 37 99
20 2 70
61 31 27
14 30 28
28 70 82
25 78 5
47 55 20
51 0 59
99 12 86
21 76 14
94 88 99
56 32 3
80 46 80
56 76 80
68 29 28
27 32 19
2 15 36
75 19 73
90 3 60
85 23 29
12 92 30
66 85 9
51 72 58
63 50 90
76 56 53
63 59 39
27 45 9
5 66 67
33 93 97
71 48 8
33 49 54
66 72 1
19 46 75
16 27 99
53 78 1
55 90 6
63 74 18
17 98 31
65 33 28
78 12 5
49 0 87
45 43 14
82 26 16
29 7 20
14 67 23
77 61 71
46 29 72
11 25 31
74 23 42
11 80 13
32 50 38
89 27 6
95 49 45
68 14 85
24 45 80
56 3 31
6 43 49
42 54 62
31 22 46
38 87 37
14 81 97
86 9 61
29 95 79
78 87 33
88 53 75
19 62 34
97 71 88
21 85 39
89 17 98
58 63 46
94 96 63
37 8 15
64 80 89
87 79 8
39 1 60
80 68 32
55 36 66
37 82 54
48 18 23
28 35 57
30 82 77
50 83 40
65 9 87
73 65 3
13 60 5
29 82 93
15 74 6
84 97 6
6 48 92
78 51 49
91 7 81
76 2 40
83 66 90
5 7 64
57 66 23
39 84 56
72 41 15
73 18 65
85 16 92
4 83 52
25 39 87
17 91 78
44 96 96
85 24 100
67 92 27
65 42 37
50 25 62
48 82 68
78 19 1
13 62 57
83 14 94
78 1 36
93 69 81
52 27 49
3 2 7
86 26 15
60 66 75
28 10 83
49 41 42
69 3 78
78 62 52
60 13 78
44 95 33
9 96 8
50 63 78
88 92 46
22 29 88
67 51 94
36 14 78
41 41 69
31 94 64
67 87 25
34 91 85
24 39 82
82 48 82
52 80 38
32 69 29
14 49 76
32 2 16
21 90 98
92 1 57
13 9 8
0 12 84
32 53 71
40 95 55
48 11 65
13 85 30
18 58 9
72 79 39
9 63 46
60 36 7
0 11 13
35 67 12
21 3 61
81 44 42
53 94 78
90 64 39
21 78 1
52 32 29
12 54 98
73 7 3
1 40 69
1 78 3
60 61 97
62 76 48
79 98 99
7 22 22
65 83 48
41 37 97
88 47 49
82 78 58
24 54 77
88 78 38
99 42 90
23 42 59
86 78 85
82 9 7
87 68 47
84 91 39
99 15 33
10 53 91
29 67 43
58 81 89
97 7 73
38 24 47
49 72 11
53 71 75
14 55 27
98 25 96
87 35 100
92 30 79
34 76 21
54 90 88
49 79 44
1 50 21
98 76 3
21 95 25
87 87 35
80 0 15
49 42 2
19 43 34
50 10 11
11 97 22
37 2 77
29 30 35
36 96 12
70 15 72
12 94 79
27 40 77
42 96 35
52 73 33
31 3 49
16 96 23
94 63 94
44 25 4
64 12 21
7 19 76
82 91 26
94 86 3
70 95 26
26 17 53
68 48 62
60 58 18
37 70 97
73 15 38
91 18 63
41 11 99
91 89 74
37 41 80
77 22 52
0 6 45
87 38 54
47 42 67
37 88 41
8 5 85
77 17 100
59 1 45
70 71 88
64 77 53
91 76 64
92 35 25
10 6 59
54 35 35
85 43 73
44 48 77
52 58 60
6 70 33
50 35 14
91 53 92
31 96 26
84 3 6
90 5 45
73 88 32
90 72 42
59 72 63
35 44 74
36 34 59
23 59 90
76 21 15
61 50 32
1 82 71
90 0 95
30 7 76
7 65 75
67 31 91
37 99 95
46 35 28
72 51 91
73 43 28
94 80 60
24 56 53
57 49 87
63 86 3
78 89 81
32 6 37
52 22 68
1 17 76
91 38 96
33 13 76
34 15 79
35 6 66
35 29 56
33 19 37
34 65 64
50 69 76
67 76 18
26 69 14
82 33 8
0 76 75
95 84 51
45 55 10
69 89 21
70 83 28
57 6 47
18 66 95
73 53 57
6 50 26
44 65 11
54 11 8
38 95 2
45 12 62
67 67 63
95 43 38
22 81 57
5 6 91
95 79 14
15 70 54
44 44 74
89 55 37
98 10 67
88 97 9
22 97 42
50 71 64
2 80 49
81 6 20
40 9 72
28 72 3
45 95 70
73 13 97
16 42 63
59 21 4
73 9 50
96 97 86
32 98 8
54 25 59
62 66 85
24 94 81
3 49 22
72 67 42
41 34 11
30 78 40
63 30 15
10 13 43
36 71 45
44 4 4
96 25 21
24 8 38
72 61 31
66 68 6
3 16 83
15 27 8
1 79 82
47 30 27
7 30 39
75 79 53
72 5 91
76 87 18
32 63 37
13 80 14
55 37 63
69 61 28
1 24 71
91 73 64
82 32 20
92 83 73
93 81 30
94 15 74
44 33 17
28 32 29
0 37 35
28 75 36
30 34 76
24 75 48
5 39 50
9 72 66
93 97 27
92 42 38
40 96 25
11 73 76
72 39 50
68 69 26
57 69 32
44 13 62
38 85 22
95 75 100
30 86 44
25 73 41
54 53 56
19 1 75
58 1 34
54 88 42
44 77 64
77 36 49
20 93 22
68 96 97
40 38 64
37 60 7
43 39 14
36 85 94
15 1 29
12 39 95
22 88 16
50 92 39
89 28 85
66 16 99
84 39 36
98 94 24
47 94 15
63 45 98
21 93 17
27 14 78
55 47 17
21 13 58
14 99 17
54 71 72
85 20 65
96 8 34
75 36 16
56 42 92
51 63 25
66 44 80
20 4 21
91 44 71
46 51 87
4 54 57
6 57 76
0 1 68
84 80 29
39 82 68
95 7 37
51 55 19
23 84 23
96 94 17
36 98 8
25 79 4
54 62 12
99 33 25
97 36 33
46 14 57
25 53 39
34 40 12
71 28 6
85 32 97
44 62 56
22 65 48
1 68 56
29 77 19
66 40 20
1 89 27
52 51 2
11 74 82
63 33 61
51 38 60
54 43 59
6 47 83
41 36 83
44 57 31
6 15 34
76 77 59
90 53 27
45 64 16
42 33 79
76 96 4
39 98 88
5 55 77
33 61 82
54 23 52
48 95 13
98 72 25
49 82 4
26 93 16
0 2 75
65 22 29
1 85 59
86 28 100
93 18 72
14 58 37
0 78 34
92 53 51
76 24 33
84 96 4
30 24 100
0 5 97
34 47 85
33 65 81
64 57 77
38 0 100
56 0 51
5 15 41
3 11 53
73 10 30
39 86 71
10 54 74
83 6 68
39 76 18
25 6 66
50 18 61
24 27 76
62 99 73
25 64 40
69 83 71
62 16 25
23 26 69
52 18 7
8 41 67
78 43 93
34 36 94
43 52 81
35 7 66
19 77 22
31 23 72
32 76 10
59 26 48
77 47 15
89 73 69
39 51 16
46 30 90
72 32 73
49 81 36
21 2 73
41 31 87
82 73 79
44 84 60
37 38 3
75 48 86
74 40 96
7 94 53
92 36 22
52 25 76
92 74 96
28 15 94
80 73 48
16 48 14
7 41 59
34 39 81
93 48 41
14 48 59
47 88 80
86 29 90
88 5 49
73 27 4
27 58 90
21 58 80
18 64 22
4 53 5
33 62 89
68 7 14
31 27 19
8 42 4
49 13 67
89 78 21
8 61 15
4 33 59
56 5 83
60 20 41
96 91 59
71 34 61
97 21 70
84 37 55
95 8 31
32 75 48
67 22 64
77 90 91
38 28 67
41 46 40
28 91 94
29 85 43
7 15 93
19 84 87
1 30 49
73 0 18
89 39 98
75 42 63
42 30 8
20 21 76
88 61 90
22 59 63
28 42 43
18 39 19
27 85 84
85 94 73
40 2 43
45 72 55
43 90 91
54 86 64
51 20 97
20 79 3
2 50 75
70 20 83
51 57 88
13 1 1
39 89 24
90 92 70
15 8 79
47 71 17
47 45 56
60 46 51
0 86 1
29 79 57
95 47 6
22 38 31
60 7 36
42 84 67
11 75 45
60 59 4
14 29 36
3 24 84
6 83 71
13 90 26
68 6 28
46 3 84
12 12 46
51 46 47
54 13 41
86 18 6
83 22 18
22 69 82
65 4 32
83 12 21
59 92 97
57 76 95
6 61 11
63 31 75
25 35 4
82 96 27
46 53 73
31 48 80
85 47 56
59 39 25
63 49 61
55 60 25
71 58 39
94 21 24
57 56 35
10 57 17
72 16 98
24 13 9
36 2 5
74 51 41
22 54 77
99 3 5
85 15 27
70 24 86
26 18 39
33 64 67
86 56 50
22 26 58
37 39 59
56 92 21
10 5 38
76 50 87
96 86 74
3 7 75
5 71 18
65 48 9
19 50 1
83 68 46
90 15 77
2 75 4
80 43 62
71 87 28
19 92 3
23 12 30
79 88 24
38 82 55
38 22 9
58 48 93
21 30 13
83 41 32
58 99 99
75 18 95
23 52 37
71 40 62
31 39 33
71 13 47
16 84 44
12 45 90
91 35 79
18 3 11
43 6 35
67 32 76
49 33 84
73 76 29
98 82 5
23 99 75
35 3 54
66 70 15
5 20 90
29 22 67
61 23 61
32 82 21
93 91 16
71 91 23
58 3 22
68 57 97
96 58 19
87 56 44
36 67 89
45 47 12
40 16 41
66 64 23
61 70 9
48 7 92
33 97 92
98 4 49
93 67 84
64 37 47
87 91 63
44 34 57
73 98 14
91 88 53
6 0 60
84 7 35
26 98 4
88 73 56
38 65 18
15 87 98
50 30 100
82 34 59
95 36 11
83 46 37
22 51 88
72 3 93
73 74 74
3 69 22
63 92 60
39 55 9
35 73 82
84 85 77
45 15 78
56 72 9
38 4 54
34 42 60
82 45 90
14 45 56
42 66 82
56 11 93
70 54 82
16 21 48
5 16 41
93 82 67
18 25 66
93 5 63
10 99 4
22 2 91
92 76 34
85 56 9
93 75 29
7 37 41
94 32 58
98 37 30
69 97 13
63 18 21
59 30 13
11 63 20
88 69 62
60 63 94
34 1 3
53 12 97
7 97 46
71 84 80
64 47 44
76 89 34
24 62 74
8 14 38
72 6 60
41 59 87
23 15 35
35 2 42
26 62 2
25 87 82
87 62 69
23 62 87
34 99 100
74 76 9
70 26 35
11 15 31
59 57 74
11 56 24
16 74 56
33 69 50
48 87 42
4 99 70
25 24 99
62 73 9
13 51 74
88 79 1
37 0 8
55 26 2
43 59 9
37 81 16
39 22 64
77 56 95
19 34 6
57 41 79
22 79 19
28 46 30
43 1 47
78 95 57
11 14 97
11 72 97
12 88 57
75 21 23
95 29 16
76 3 83
59 23 18
5 49 86
59 99 61
10 59 3
2 6 30
48 32 67
29 33 95
87 58 63
26 79 47
30 50 86
28 92 89
76 34 62
79 92 54
75 54 60
89 48 17
29 68 52
26 15 57
47 37 2
93 87 50
45 65 83
3 86 40
8 82 33
61 51 14
34 81 100
80 81 41
92 62 81
38 38 36
68 16 7
6 28 20
2 91 40
98 47 61
44 39 82
52 72 96
93 66 58
58 4 17
60 8 69
98 16 2
12 99 42
51 22 91
54 97 67
26 59 42
10 94 63
46 68 12
52 50 7
23 95 63
99 5 36
58 96 12
15 34 66
17 13 27
50 70 98
24 36 35
63 69 66
64 72 46
0 31 87
63 67 98
10 55 58
21 86 98
18 26 45
14 91 31
14 1 11
93 42 46
62 51 9
15 43 24
14 26 13
34 27 84
8 69 94
19 91 75
2 96 12
87 13 50
81 66 39
32 16 35
70 3 29
37 17 97
17 54 94
32 74 44
91 4 17
57 92 11
12 69 57
73 61 58
81 48 10
65 54 10
69 20 22
97 63 17
64 82 65
28 26 89
67 72 57
82 62 60
36 21 4
68 90 86
31 13 42
80 28 51
78 49 37
84 29 22
86 92 60
30 65 70
15 45 90
53 66 83
4 80 90
8 57 11
49 10 86
34 18 59
6 2 34
60 82 63
25 1 4
94 37 23
56 83 75
83 26 7
48 63 12
0 32 32
24 69 2
4 16 9
57 43 19
90 58 42
26 64 17
93 29 51
72 47 74
48 17 21
39 2 43
23 85 27
83 57 72
92 56 63
4 15 57
66 14 61
9 4 100
3 14 45
19 33 69
69 49 84
4 49 28
48 77 62
23 10 2
83 28 35
78 27 65
67 94 21
85 71 12
2 67 94
57 0 88
87 10 38
22 0 95
61 15 21
6 3 54
87 22 78
81 34 10
55 8 24
88 83 24
66 36 56
79 36 43
21 57 22
39 21 81
79 90 30
9 74 67
57 67 17
18 52 38
37 1 96
42 87 79
71 30 27
15 37 67
27 61 17
88 37 68
38 70 31
64 26 88
29 2 75
80 85 38
54 0 56
38 20 24
15 47 97
66 62 8
92 80 48
80 47 46
97 28 56
95 16 79
97 24 76
68 9 6
46 16 77
18 85 72
10 68 88
30 46 57
62 62 63
33 42 15
94 44 4
48 75 94
28 97 100
26 37 98
42 32 100
33 70 20
7 54 81
42 5 4
1 61 61
61 28 8
74 43 77
74 27 85
66 4 2
72 8 21
63 20 1
78 73 46
51 74 39
56 62 3
64 8 55
9 59 30
10 10 12
22 43 93
95 96 99
19 31 40
15 60 57
12 66 42
37 95 68
42 26 62
5 35 44
29 72 80
99 60 62
7 9 91
78 76 1
53 67 66
64 61 4
80 80 85
58 16 18
43 51 38
3 43 86
19 19 100
94 99 23
41 12 68
99 48 94
60 32 28
70 2 93
9 60 27
24 7 98
76 65 70
2 55 89
39 4 30
29 93 97
48 47 1
92 40 27
26 1 86
42 10 19
18 86 32
50 95 51
79 45 20
1 92 78
76 13 32
22 86 50
43 26 10
61 76 82
47 67 27
66 86 95
99 29 24
20 88 94
56 45 77
88 99 45
11 27 63
57 29 29
97 78 84
25 48 42
26 80 8
99 83 24
66 18 93
6 59 30
79 78 95
77 0 14
71 42 2
56 82 9
28 16 5
83 18 68
59 97 92
45 1 36
22 80 52
51 93 52
9 64 13
32 55 47
13 0 19
97 75 10
55 54 92
4 11 1
4 89 99
82 87 66
90 87 69
7 32 92
44 0 76
8 37 69
54 5 68
34 38 26
72 52 89
96 7 55
98 74 10
56 28 91
35 23 18
8 16 100
90 93 23
98 59 71
33 74 20
93 32 84
24 24 96
94 16 27
10 62 2
55 10 94
33 21 82
73 95 80
83 64 64
83 59 67
93 99 74
79 39 36
35 65 72
97 83 46
62 41 86
41 40 42
96 10 81
29 44 63
11 5 6
84 74 5
47 32 13
59 14 87
96 60 4
99 16 13
94 68 67
76 46 51
1 23 6
59 11 54
96 12 14
90 80 17
22 99 53
14 23 49
27 0 41
72 49 45
13 96 65
52 79 3
75 68 84
21 37 3
87 52 44
64 51 75
55 87 92
2 9 81
32 43 89
44 59 44
32 77 39
35 14 25
18 8 89
51 43 68
80 65 22
54 36 15
51 95 65
60 57 42
99 27 56
19 86 50
63 63 92
75 27 29
77 63 38
85 74 80
50 14 45
93 25 31
12 52 26
98 39 37
38 81 14
41 27 24
27 59 62
46 80 26
14 36 10
55 97 94
28 37 27
25 13 96
34 28 31
5 5 67
94 18 22
18 13 80
43 97 72
24 37 81
81 90 59
13 83 11
43 99 67
91 74 70
5 33 13
80 57 90
7 51 42
40 18 18
5 34 44
46 79 95
5 67 98
72 99 46
92 50 40
7 72 54
55 84 70
6 96 33
11 65 62
26 70 95
46 84 60
39 38 89
23 56 45
61 25 83
40 48 10
88 54 43
88 52 66
0 99 66
79 77 34
68 26 43
77 3 54
44 74 11
40 64 70
87 14 8
16 32 24
72 14 15
15 81 29
15 71 89
20 6 20
10 27 31
45 42 43
74 21 22
87 89 4
68 39 17
95 55 42
70 50 45
85 78 27
48 93 94
35 28 57
38 99 16
1 10 61
33 86 20
22 36 58
62 15 65
90 78 50
4 78 51
7 99 43
68 11 53
94 67 36
52 33 55
43 42 38
44 54 90
10 51 86
27 62 39
83 19 63
5 42 59
1 71 26
89 46 72
48 48 74
12 16 80
65 13 62
26 11 32
37 77 95
51 39 84
63 47 51
27 9 11
51 54 77
49 16 44
42 62 93
1 3 95
48 8 39
64 63 52
77 86 69
41 91 91
43 19 20
60 5 30
88 62 34
14 79 32
31 46 85
20 40 68
12 8 59
50 96 40
54 78 71
70 5 9
99 94 57
22 74 53
91 22 57
27 37 74
72 45 37
64 78 89
98 26 84
80 14 65
64 2 82
28 51 33
31 11 72
16 67 70
22 93 57
25 29 17
80 82 21
9 71 3
59 5 35
52 49 92
34 2 92
2 90 74
88 7 83
98 49 31
87 20 81
66 61 88
11 6 29
64 45 62
3 52 96
68 84 89
43 85 99
38 14 20
85 55 5
82 94 55
36 99 84
11 0 82
81 82 96
23 78 85
23 98 30
74 66 89
71 56 95
69 1 25
92 52 99
54 55 43
62 84 38
10 87 41
37 12 35
30 1 38
76 48 59
95 18 25
61 1 70
44 37 68
18 73 85
61 13 91
92 79 6
68 34 93
1 63 19
6 63 38
70 59 71
7 13 2
53 60 74
47 85 45
87 44 94
30 62 43
44 98 47
88 25 10
63 97 7
56 74 21
41 65 99
40 50 17
13 76 42
10 86 42
53 14 68
36 58 89
79 43 4
24 3 42
99 49 42
25 11 99
62 92 21
1 12 83
20 42 34
80 39 15
47 64 20
12 33 8
28 58 96
34 24 9
61 97 52
7 96 62
95 23 88
67 44 80
70 7 83
42 11 32
17 80 9
77 66 37
34 78 53
14 35 5
76 26 31
57 75 32
17 29 90
97 33 72
64 42 2
48 36 37
39 50 84
72 0 17
25 44 92
24 25 38
92 5 77
93 43 56
74 9 43
79 75 66
95 99 50
20 30 91
27 22 43
42 91 95
92 26 18
9 6 5
82 5 39
64 5 45
49 90 24
23 38 84
42 38 82
51 4 71
6 79 96
68 52 34
11 81 70
32 71 62
77 52 17
38 16 39
26 2 86
54 17 71
99 74 68
41 24 85
13 12 18
85 13 93
97 51 17
98 55 48
89 95 91
49 25 76
53 82 31
41 29 84
13 20 94
98 84 74
45 28 15
86 49 95
85 51 62
46 36 4
6 32 56
75 38 23
72 44 59
80 79 96
11 54 38
69 93 81
82 68 77
57 80 80
28 8 8
86 65 52
69 12 31
78 80 69
50 32 29
29 99 55
67 11 63
68 51 49
34 87 84
85 50 50
59 49 13
29 91 38
12 26 57
7 76 91
42 61 91
72 72 53
37 29 51
97 62 85
35 98 75
96 3 22
77 73 38
78 64 40
50 37 76
82 23 28
18 14 37
26 96 78
12 84 34
46 67 53
45 31 84
63 84 87
3 18 7
5 91 93
34 9 95
71 95 40
48 4 93
51 83 87
33 24 33
92 16 93
41 83 99
57 42 29
74 32 30
44 40 81
95 59 41
0 81 40
79 34 18
10 26 89
46 62 30
97 11 24
77 10 64
23 13 80
59 65 64
48 78 97
36 44 6
62 83 73
7 69 96
27 72 77
47 9 23
78 30 54
64 97 93
44 78 51
90 89 86
90 16 26
60 28 11
90 95 27
28 84 33
89 69 10
0 27 48
8 87 55
44 85 69
81 29 54
36 37 49
14 82 54
8 78 53
72 25 79
64 15 48
53 85 94
71 24 46
78 25 25
79 13 89
45 35 61
16 3 89
36 65 19
81 17 30
16 39 1
43 20 6
51 77 75
64 10 84
11 93 85
70 65 13
80 55 24
0 70 12
5 17 4
84 89 43
67 19 47
91 41 50
83 38 34
10 39 32
33 8 81
57 72 16
8 24 44
4 95 17
42 83 77
8 21 65
28 73 97
2 62 4
92 46 10
20 69 15
18 54 39
70 32 89
6 93 7
37 50 90
42 72 54
10 83 17
76 85 96
89 7 24
42 48 63
94 73 43
96 32 84
92 77 5
82 67 89
38 69 99
6 91 97
9 19 13
25 23 68
24 68 40
70 6 53
80 72 7
17 96 13
44 87 86
74 15 44
55 77 69
8 75 18
8 45 40
88 27 45
98 45 31
8 31 97
40 73 43
74 8 42
14 39 68
90 62 31
78 34 42
55 4 88
43 10 48
18 30 54
55 19 58
7 46 8
2 22 64
56 35 87
0 49 1
77 38 46
7 60 35
74 2 11
97 91 54
65 61 58
14 4 19
94 58 97
51 12 28
57 59 12
35 80 17
87 50 92
74 52 2
91 66 71
36 50 2
90 60 12
66 67 11
46 17 17
4 67 72
50 88 12
71 35 30
30 64 36
45 77 87
57 86 82
87 72 24
73 52 11
6 27 81
58 18 36
48 96 12
41 25 74
28 79 69
13 54 12
41 26 38
1 64 62
81 68 33
35 68 95
46 76 88
33 98 46
78 8 21
94 28 82
34 69 99
3 70 16
57 79 68
86 24 67
77 26 50
35 60 72
91 15 39
36 57 14
50 75 93
96 15 35
86 4 48
43 67 62
88 8 49
14 50 45
3 48 75
50 40 40
58 71 70
2 82 87
22 53 90
61 40 84
23 48 80
48 57 83
60 12 1
37 18 8
3 50 73
45 52 82
67 40 11
56 70 85
34 49 6
99 50 80
91 46 27
27 4 28
50 8 48
7 36 5
18 69 36
82 76 74
17 65 31
22 95 1
38 73 21
41 48 22
72 26 47
9 11 18
18 50 22
64 28 18
67 70 33
71 55 18
50 55 6
82 41 73
7 26 75
45 87 62
82 90 7
54 61 11
92 91 34
48 67 13
18 36 33
68 24 48
39 40 14
64 29 58
18 48 41
15 94 79
72 78 29
5 88 17
5 77 19
35 62 61
81 46 84
11 29 2
89 74 15
38 80 57
35 96 4
8 77 10
59 16 82
42 17 70
30 88 99
85 62 27
65 64 54
30 77 95
73 39 10
98 22 70
32 72 35
0 47 90
14 77 67
82 8 88
33 11 43
47 11 33
65 90 31
36 49 56
83 69 86
95 80 22
8 64 3
75 39 19
2 41 61
15 26 92
57 37 11
39 26 93
33 99 70
80 69 88
42 86 16
37 13 93
89 60 40
80 31 1
2 24 26
46 98 22
24 57 16
5 44 65
38 41 67
35 86 83
98 9 49
73 86 73
81 89 2
70 31 46
40 8 66
43 47 73
18 94 57
66 89 96
37 90 25
51 51 39
92 60 73
36 63 51
46 1 94
48 44 80
19 39 32
35 48 63
9 23 35
78 96 7
3 45 99
46 64 17
0 16 17
35 39 3
52 15 9
18 71 88
27 60 50
28 54 25
66 88 27
77 95 24
48 60 82
70 53 30
58 34 3
17 69 5
13 86 51
67 4 75
69 2 97
26 48 86
14 12 65
5 87 39
6 41 58
34 34 26
99 82 11
75 75 23
63 85 72
52 31 11
87 55 49
29 18 71
4 19 59
68 92 9
16 59 28
35 84 10
99 69 96
29 78 36
93 1 83
70 13 10
86 77 13
49 28 36
52 5 56
9 8 62
42 88 7
93 61 39
86 81 94
11 53 85
0 60 58
81 69 23
96 63 10
16 61 84
42 41 95
84 56 69
15 77 49
35 22 73
23 77 16
78 70 95
17 82 40
75 63 77
97 0 66
75 35 88
57 39 93
81 26 21
2 46 94
13 39 65
96 43 73
51 15 90
46 13 95
87 39 84
46 75 11
7 20 63
76 90 44
94 60 100
32 67 10
90 48 47
92 41 40
9 40 47
60 30 12
17 37 26
23 18 51
85 33 32
33 18 58
55 23 66
67 9 9
32 85 55
77 85 89
39 48 68
58 7 22
10 4 30
51 52 14
29 86 93
71 33 47
68 72 93
50 52 54
43 88 37
11 58 73
77 97 35
53 48 23
47 12 39
38 74 40
84 61 33
74 59 52
99 56 10
55 6 97
53 77 23
91 61 91
94 23 88
81 71 67
3 61 34
62 93 90
6 13 36
94 92 41
18 0 61
21 59 27
43 13 96
23 35 96
8 46 33
47 61 18
3 74 45
1 77 32
69 11 89
89 31 3
5 32 22
20 76 78
83 61 63
21 8 69
97 79 56
85 63 69
43 12 18
44 27 38
57 26 100
60 75 88
18 97 2
86 42 85
47 97 97
62 91 38
27 2 48
8 23 92
86 62 10
6 87 81
6 77 13
8 29 42
75 96 62
38 75 40
76 39 59
60 31 20
8 25 65
66 2 97
24 99 8
56 75 41
71 44 74
44 56 31
36 91 1
7 61 41
25 62 99
46 43 51
68 0 8
85 49 94
76 86 15
64 34 30
30 48 69
59 93 33
33 30 53
25 92 16
91 1 90
92 29 11
14 6 24
37 65 11
53 27 73
14 85 22
55 34 66
98 33 98
0 17 29
32 90 4
14 86 78
22 77 37
26 44 56
45 17 14
61 12 34
53 18 84
87 61 36
28 68 23
4 98 67
13 69 5
17 85 91
67 6 85
68 77 88
29 96 53
69 99 42
91 79 12
18 9 55
84 13 85
19 16 81
52 4 43
13 32 66
6 35 71
23 88 14
8 11 84
97 34 37
77 29 85
99 79 92
96 37 12
7 34 53
58 53 69
70 29 41
49 23 94
32 27 60
6 49 87
24 86 27
60 51 74
28 12 94
49 8 48
2 1 33
9 52 78
37 43 53
87 67 72
45 68 57
80 8 47
6 60 59
54 81 12
28 14 52
31 67 83
67 97 44
33 17 93
40 57 1
39 73 3
33 57 40
30 2 72
83 53 14
13 30 2
63 79 83
19 95 86
76 10 38
67 77 44
54 72 29
78 2 74
16 56 49
13 70 13
86 84 53
82 15 33
60 94 42
19 56 89
88 84 12
26 35 100
44 50 8
78 29 27
82 69 95
6 44 37
91 33 19
29 31 4
1 96 25
22 78 41
30 14 98
78 9 13
29 88 47
59 18 24
0 7 7
47 65 81
20 8 62
74 58 27
2 72 39
42 77 35
15 85 27
47 72 90
89 22 55
84 34 65
75 70 58
61 74 39
12 72 49
98 36 81
9 57 51
96 99 55
69 6 40
94 47 12
57 61 86
89 53 42
43 92 11
79 44 44
21 27 19
28 17 8
56 24 99
31 87 71
11 98 79
58 21 65
11 17 53
17 18 62
94 1 86
57 30 40
96 57 15
87 94 43
1 16 46
31 50 42
24 55 17
3 58 7
96 50 34
67 15 63
40 51 36
24 74 99
10 92 24
7 70 96
41 45 51
61 22 55
48 9 58
79 74 16
44 69 30
29 5 40
69 39 77
68 73 77
73 4 17
52 83 2
1 1 93
87 40 62
88 60 81
5 10 55
96 69 45
57 98 14
35 97 85
19 69 22
63 48 82
63 24 48
83 29 61
15 32 78
23 32 4
0 93 3
64 89 69
23 87 7
44 88 19
85 2 94
3 46 21
21 1 66
91 40 71
89 4 46
21 15 51
17 11 54
32 56 74
32 66 48
1 73 71
11 79 16
76 63 49
99 57 24
81 4 20
5 73 53
90 77 80
87 60 74
42 45 15
5 93 69
40 26 16
82 51 58
8 17 72
57 14 84
94 22 49
65 89 70
49 71 21
23 65 3
91 99 67
71 10 70
36 89 77
29 20 36
31 32 59
15 54 7
32 46 22
9 2 74
38 97 79
23 70 51
50 15 100
44 71 13
23 79 39
13 65 67
86 97 97
4 74 67
93 93 98
82 89 73
76 18 66
5 27 54
20 92 2
26 20 64
28 74 5
10 47 78
71 12 68
65 1 94
53 62 83
98 34 5
12 14 88
81 77 39
62 60 19
52 35 13
92 27 83
47 53 7
7 35 67
23 19 79
85 75 45
84 2 27
90 31 39
87 97 20
34 50 9
93 68 99
40 80 94
59 24 5
12 23 5
83 94 62
23 63 18
24 1 81
55 11 37
58 33 52
14 38 24
41 96 49
17 95 58
55 49 27
33 87 3
13 13 33
43 61 64
48 83 36
18 41 11
41 87 84
7 83 27
75 22 55
22 22 15
56 66 4
43 29 75
2 28 63
24 71 80
98 68 41
47 89 15
13 14 16
53 69 52
7 53 60
93 21 88
30 15 1
22 68 75
53 51 87
15 38 23
25 42 93
12 15 16
28 11 14
52 57 88
24 77 73
19 68 21
8 53 30
30 16 25
95 93 80
56 40 67
65 81 14
4 7 39
41 66 65
50 90 62
11 88 42
10 98 45
28 31 78
64 55 85
52 46 78
16 78 27
74 18 29
61 64 65
60 1 38
29 0 18
44 2 8
21 16 10
21 25 62
65 73 3
44 11 43
58 76 33
60 34 65
15 67 97
62 26 21
14 78 89
30 9 65
51 98 57
40 14 91
70 90 13
44 66 29
54 58 59
1 22 2
56 59 68
91 56 12
65 37 96
55 69 23
73 63 33
48 20 30
4 13 33
62 37 100
90 18 45
52 86 13
51 13 2
79 2 79
82 4 89
5 40 5
8 83 36
72 11 90
38 61 44
46 19 80
78 79 11
24 47 91
75 81 29
71 21 30
96 81 43
18 80 56
83 20 98
41 56 40
3 57 3
31 81 96
67 29 40
41 39 67
87 29 67
14 56 80
0 8 66
42 20 35
44 43 38
3 76 22
3 77 34
20 84 13
78 75 70
48 86 14
27 49 13
28 6 76
38 52 45
16 54 53
0 53 23
61 33 41
21 35 92
71 0 90
61 26 70
23 2 93
23 21 56
20 43 32
47 74 60
95 40 81
28 19 61
66 39 30
83 40 46
46 11 95
16 29 34
23 73 25
89 43 96
9 41 75
35 0 96
74 96 58
25 22 6
67 34 4
62 47 1
60 62 100
55 18 49
5 1 4
45 45 14
33 59 35
95 30 41
82 59 20
77 77 87
80 91 80
84 27 39
49 58 26
4 26 56
36 15 74
69 57 33
74 77 53
89 9 41
77 34 34
45 85 14
28 25 65
92 98 1
54 31 12
41 58 7
83 21 91
3 9 91
10 1 68
12 71 10
20 83 90
64 94 81
59 75 30
94 91 72
39 7 91
21 39 85
57 77 59
3 98 89
38 32 64
80 24 63
41 16 98
53 41 12
47 96 85
16 93 48
78 31 41
78 11 7
92 75 5
70 93 92
48 3 4
50 44 46
49 5 42
25 5 30
27 5 76
24 6 83
77 11 71
64 46 32
92 78 35
76 95 30
2 65 34
10 21 90
68 91 38
48 34 91
23 33 4
85 72 34
61 99 10
98 19 59
40 90 100
81 28 40
55 33 54
65 78 84
38 48 52
38 84 31
65 84 46
34 83 78
89 66 99
31 17 74
88 58 57
22 71 65
72 23 51
1 60 96
34 54 17
88 67 83
57 3 13
15 10 14
31 24 99
97 52 2
7 0 8
68 22 2
7 68 55
47 98 51
55 31 91
14 0 22
74 25 56
83 79 88
99 17 50
67 38 94
69 76 3
1 91 24
2 33 22
60 60 99
63 23 4
24 53 46
85 88 21
43 74 67
37 76 40
60 40 3
76 49 34
37 96 92
77 96 43
58 69 80
18 31 57
3 81 79
94 51 2
91 37 21
76 5 54
68 27 70
38 30 3
17 39 29
68 64 59
30 6 52
67 30 86
46 82 18
73 80 51
86 54 28
9 36 59
26 56 28
96 13 72
47 21 45
67 25 52
28 47 39
58 70 53
37 91 59
15 52 96
70 75 61
32 64 91
4 47 51
91 67 13
78 77 24
40 88 4
31 91 12
67 1 28
5 46 75
9 58 55
48 38 44
14 3 20
45 19 84
54 2 59
67 93 19
19 10 92
18 33 30
79 82 46
40 63 18
7 56 61
7 57 39
45 29 19
39 28 3
82 21 29
81 70 47
20 52 17
20 35 98
30 58 60
95 28 49
10 12 15
28 88 64
54 59 25
20 81 29
58 32 81
47 35 87
74 4 91
26 76 27
4 9 93
89 90 88
1 14 36
97 39 18
23 61 58
6 12 47
47 15 21
32 48 3
91 63 50
94 90 90
72 59 70
46 81 24
38 51 30
56 79 4
70 51 37
5 82 75
64 24 21
16 88 81
39 74 97
41 64 16
64 38 60
56 88 14
92 15 8
42 1 13
95 67 90
69 29 94
59 7 8
39 70 24
57 47 56
49 55 66
17 79 48
3 12 51
14 22 49
67 20 87
10 23 91
81 9 95
13 25 78
66 32 51
66 11 75
30 13 68
54 21 62
20 24 30
35 11 45
38 93 21
57 91 28
73 6 79
34 57 1
79 57 23
93 74 39
80 22 44
76 81 7
8 4 71
62 65 1
79 33 12
81 53 43
9 29 26
83 81 26
46 59 72
25 82 17
0 79 80
60 49 79
3 27 15
43 36 94
45 14 88
71 20 26
38 98 59
35 31 49
17 0 42
56 8 11
97 26 11
25 96 81
15 97 51
18 12 49
81 49 60
37 57 36
79 76 25
0 74 50
43 27 3
46 49 68
86 48 52
12 86 33
99 20 11
48 94 21
39 36 63
55 13 98
2 83 64
59 36 68
55 93 64
36 38 4
3 82 80
5 29 8
18 51 16
70 42 79
27 36 43
62 32 94
70 92 25
55 9 61
73 90 24
21 40 18
46 26 87
33 37 23
23 75 12
62 85 8
46 7 59
95 34 17
31 52 17
24 81 81
85 3 18
71 63 95
22 16 3
9 24 28
6 26 37
1 7 12
86 11 40
24 51 24
22 96 94
7 67 79
84 79 61
75 2 76
28 66 44
18 44 70
20 74 95
86 74 31
76 27 99
31 58 75
63 68 31
85 22 99
85 35 26
83 51 74
10 40 55
7 3 38
21 89 51
89 88 18
47 24 76
74 61 28
72 34 22
49 70 82
42 80 42
58 92 29
58 11 48
91 34 39
94 98 51
65 50 93
18 43 9
41 1 1
9 49 72
60 65 66
25 68 50
43 21 67
52 10 65
18 65 30
73 41 81
1 15 67
67 18 39
17 10 14
5 97 37
91 84 31
86 93 48
0 88 54
81 93 81
69 65 21
57 18 27
53 38 95
53 65 54
65 18 12
5 23 64
87 45 73
10 44 83
48 29 4
19 25 98
42 40 26
40 89 96
8 6 10
21 22 23
23 91 46
94 54 44
45 21 49
12 11 74
86 99 92
57 81 45
98 70 69
41 75 90
45 34 80
96 19 57
14 8 77
55 89 76
56 7 18
56 58 50
6 80 58
71 61 35
77 68 85
76 12 98
71 88 84
64 71 18
87 53 95
51 16 91
88 13 73
25 67 90
6 82 98
49 32 8
95 50 25
76 62 27
80 38 1
6 25 10
78 61 34
76 47 1
68 21 1
89 70 27
53 61 39
51 65 53
34 45 25
68 23 92
24 96 46
71 71 21
38 68 32
22 72 12
63 22 68
32 4 3
18 19 94
21 10 68
89 57 76
45 51 30
66 90 81
12 57 5
3 38 44
92 82 52
4 44 27
6 23 70
5 85 96
88 10 46
15 75 3
63 77 8
23 49 68
7 88 72
99 96 12
91 24 59
39 8 82
13 5 5
61 59 46
2 35 54
37 69 30
83 88 97
45 79 71
2 54 95
37 53 5
50 47 100
19 94 76
57 33 13
0 21 59
72 92 39
61 52 13
65 19 77
72 89 69
41 80 89
73 3 95
49 94 3
16 66 15
62 69 96
66 34 31
66 28 90
85 85 68
42 39 54
95 90 14
8 7 14
61 83 47
82 85 78
78 6 10
97 58 14
54 40 50
88 42 9
30 26 69
56 38 36
2 76 9
1 80 85
6 46 31
69 67 85
85 45 67
2 39 4
8 39 65
94 7 58
90 40 40
2 25 85
53 76 26
53 70 14
58 50 85
20 65 75
97 93 24
75 23 50
25 10 66
23 97 62
59 85 63
11 99 81
99 32 65
70 49 56
69 33 60
39 41 15
65 30 1
99 77 33
81 51 50
75 7 61
87 26 49
38 5 19
49 35 93
53 91 29
7 62 99
57 82 98
28 24 33
51 70 69
49 36 77
52 81 24
28 27 37
66 87 51
12 96 6
73 54 22
87 28 81
1 88 69
57 57 28
57 60 4
91 16 40
36 24 100
99 34 81
69 90 77
10 42 26
7 89 33
21 73 22
48 10 62
74 49 16
80 88 78
55 38 92
18 62 51
45 90 65
38 15 76
18 34 10
45 7 50
25 86 96
77 12 81
51 94 37
73 56 78
53 52 93
38 11 11
76 16 5
26 25 54
44 22 16
77 54 49
54 22 9
70 84 4
2 37 69
80 7 70
40 29 56
89 87 80
42 71 53
62 56 47
14 33 81
86 19 58
75 13 84
43 68 3
34 84 50
2 13 17
54 14 47
36 55 91
29 38 98
94 62 97
31 89 61
83 11 12
61 65 78
80 9 42
67 27 28
49 98 69
36 13 66
55 88 63
11 57 39
34 75 13
23 6 8
25 89 1
30 70 42
79 30 18
75 24 13
13 17 35
3 95 70
84 33 8
65 20 83
42 15 20
75 20 56
31 71 30
44 8 74
99 90 12
24 12 6
62 40 99
68 61 46
46 73 4
31 83 38
48 39 17
42 73 51
60 97 43
19 79 16
14 17 11
11 90 28
59 47 84
67 88 73
72 62 45
0 14 57
54 79 40
95 27 77
0 96 67
47 66 73
6 75 49
17 8 71
15 64 67
97 29 69
48 61 2
40 36 60
98 78 64
82 79 61
66 9 22
45 75 5
79 99 28
32 84 50
64 76 76
23 20 86
64 31 84
58 19 34
88 29 82
51 1 40
67 71 73
19 21 77
29 81 96
86 79 87
93 46 86
53 57 89
71 18 85
94 79 21
84 70 49
83 99 62
75 83 56
81 18 48
41 73 61
74 16 12
65 95 55
93 98 66
97 90 7
34 72 73
22 48 54
43 60 11
66 31 62
52 48 99
80 96 22
10 9 80
31 31 27
79 60 46
42 37 71
62 98 90
3 94 70
20 77 95
67 91 82
59 29 60
70 70 47
96 4 89
33 9 12
46 42 64
93 77 38
64 59 56
42 12 32
97 30 7
62 24 2
32 65 51
66 71 38
36 41 40
25 20 38
35 9 64
86 43 93
12 64 28
96 75 68
22 28 77
67 17 56
42 69 69
47 73 8
67 8 3
92 69 99
75 15 52
63 78 29
7 12 75
63 13 2
40 78 100
19 6 94
25 83 4
62 4 68
95 56 66
61 49 67
78 39 78
19 98 21
19 0 13
80 83 25
41 5 90
70 1 36
83 54 73
77 31 56
68 58 69
1 19 38
19 22 73
38 89 73
17 3 6
29 25 60
16 7 99
10 61 30
69 13 61
35 69 69
15 99 79
52 52 21
29 17 43
87 82 34
84 8 43
33 83 67
43 48 63
50 20 82
92 89 28
2 57 63
63 7 88
59 41 89
7 98 12
48 26 90
34 31 26
34 56 15
5 98 71
27 52 98
11 85 86
53 31 47
95 74 3
34 55 61
6 98 49
43 46 24
59 40 93
44 31 73
82 63 50
60 56 74
11 32 99
30 95 41
16 86 40
8 20 83
60 50 13
43 94 47
11 94 84
85 89 5
25 55 70
66 8 91
54 75 20
90 29 17
10 80 78
41 54 61
64 90 88
95 82 48
9 30 89
15 68 76
99 75 36
94 4 88
84 6 37
95 95 5
86 51 4
30 91 50
37 61 62
16 23 33
82 42 56
84 66 1
10 70 99
93 62 63
34 95 48
80 64 88
96 18 57
2 93 15
61 38 62
45 96 79
52 34 89
18 88 75
81 32 44
44 60 44
49 44 60
30 4 18
65 44 6
93 8 8
42 90 5
29 66 55
2 88 96
28 96 73
26 50 65
39 92 13
19 32 96
96 62 23
94 45 69
71 96 37
55 12 85
13 10 29
2 53 20
50 76 21
57 23 30
56 77 69
90 69 1
67 52 26
26 41 99
53 49 33
44 90 85
49 18 16
85 42 82
75 26 92
99 62 90
51 85 63
98 83 65
62 21 32
79 55 58
28 99 75
91 6 91
60 93 24
59 27 60
44 10 99
77 7 36
55 14 36
27 98 82
98 43 9
67 59 53
68 30 31
49 21 23
76 25 38
71 74 80
0 50 74
72 24 56
92 70 18
59 32 3
9 67 85
54 98 51
56 14 97
94 61 25
22 24 19
39 29 46
11 16 31
4 77 46
46 86 27
84 67 27
17 34 92
67 85 35
21 80 56
14 57 13
56 84 14
82 70 52
26 26 24
59 61 99
62 72 69
90 9 1
11 3 9
33 58 13
81 94 52
66 35 54
85 54 75
95 58 32
0 54 74
45 81 43
28 48 4
71 76 35
35 40 47
52 75 82
71 15 50
35 99 90
78 53 82
97 80 90
20 75 85
96 80 14
37 68 28
64 27 99
28 62 38
52 43 8
19 45 84
11 23 77
33 12 11
5 81 68
26 14 39
53 7 28
9 97 41
1 74 31
41 94 69
44 51 56
92 86 2
59 48 3
9 39 55
6 92 36
49 20 65
11 52 72
4 28 93
54 50 73
7 93 95
23 69 39
53 46 81
45 11 91
34 71 77
79 72 75
81 15 8
4 38 48
5 57 87
79 26 53
69 23 65
53 26 34
84 50 93
53 44 3
14 19 41
85 86 5
35 4 22
48 65 64
64 86 37
41 50 26
84 48 39
5 37 46
84 75 52
48 42 71
14 76 51
28 94 87
79 84 54
59 96 43
91 2 90
70 12 58
56 12 11
32 38 36
97 89 66
34 23 7
37 86 52
92 28 76
14 46 52
53 15 87
73 2 87
10 41 15
52 28 71
65 34 6
71 19 100
60 86 67
42 68 84
6 88 77
12 65 77
58 88 91
81 25 70
67 28 44
65 31 89
91 14 15
72 66 7
62 44 37
22 31 76
15 63 53
20 38 79
99 98 44
94 78 34
37 79 99
97 10 81
5 76 39
71 80 53
55 80 19
14 9 66
74 14 79
83 17 91
59 33 31
55 92 4
99 19 4
11 51 76
75 43 79
37 10 51
38 94 58
83 39 20
70 85 37
61 48 29
32 0 66
19 13 22
32 51 59
77 72 90
70 98 75
74 37 61
49 31 94
2 21 7
67 62 62
37 94 65
81 24 69
76 40 64
93 96 20
51 76 24
0 85 40
34 25 67
58 56 53
62 6 89
69 36 95
19 27 96
20 41 5
1 99 72
75 47 65
77 37 89
34 35 68
63 53 70
94 52 25
11 82 77
90 47 80
1 62 88
86 45 85
25 52 77
54 80 34
47 43 19
94 6 56
95 88 99
24 10 12
12 35 56
49 14 32
17 41 49
25 33 38
38 18 56
36 59 83
46 44 46
22 40 87
64 95 81
5 43 24
25 21 35
97 14 14
37 33 68
94 43 89
81 96 24
88 93 58
95 38 37
72 95 58
87 2 59
78 50 79
28 3 99
21 83 69
87 30 25
37 14 12
8 44 25
16 24 33
31 38 45
10 3 3
30 18 32
20 82 61
37 52 95
43 84 27
22 23 80
49 12 53
76 75 77
45 97 52
78 3 26
96 14 1
61 88 65
23 90 83
44 12 81
80 11 8
94 46 25
79 64 68
19 5 65
47 2 96
85 98 51
0 92 87
36 51 86
88 94 66
94 70 63
50 53 49
10 8 23
73 77 56
71 50 39
27 75 51
13 44 50
85 58 2
29 83 64
63 73 18
96 74 36
20 33 96
74 83 9
65 0 67
59 10 84
90 43 82
75 86 59
46 92 59
0 71 39
10 7 24
89 20 47
23 40 4
76 4 63
90 98 74
15 33 65
41 4 83
2 70 54
50 39 82
39 31 79
71 73 62
17 74 90
26 65 37
16 46 45
79 5 91
57 46 15
47 68 62
94 26 97
15 80 32
11 45 26
48 0 2
94 34 2
99 26 43
5 12 41
43 79 82
44 41 99
97 15 29
65 47 55
39 3 15
49 1 42
82 52 35
60 73 85
49 34 59
54 64 82
16 2 99
66 12 19
29 61 88
54 20 73
86 94 35
75 3 53
47 90 44
24 73 53
33 26 12
50 31 76
13 99 20
61 98 69
84 40 4
49 24 90
93 34 83
7 75 37
38 64 15
1 41 44
18 89 27
96 77 80
39 30 62
45 30 64
19 60 82
0 94 96
22 70 31
73 67 92
79 47 44
2 44 9
43 64 49
34 86 34
68 63 2
24 76 80
3 6 43
75 90 35
77 15 3
38 40 84
90 2 44
34 58 15
99 71 36
39 75 79
70 62 94
96 44 53
26 22 94
24 48 11
8 70 40
93 7 57
2 0 68
76 15 33
6 31 94
8 85 57
94 3 15
58 80 86
66 96 65
78 81 89
32 91 90
59 31 99
11 71 54
89 6 52
8 30 17
7 84 35
83 43 43
23 24 64
4 69 52
93 0 47
6 36 22
82 10 86
52 90 7
67 2 68
60 23 60
13 59 81
91 86 90
73 91 39
57 35 5
78 71 21
52 37 3
25 88 14
22 44 14
21 36 44
8 97 13
22 39 94
20 89 58
75 88 62
47 86 12
35 50 94
48 13 36
53 5 36
17 66 32
24 33 96
58 41 57
3 85 96
61 86 21
26 39 91
31 61 71
40 91 90
58 45 28
77 59 53
29 35 65
53 20 19
24 26 48
48 68 47
20 64 9
5 58 35
46 22 69
32 78 64
16 89 35
66 80 89
19 8 12
84 4 11
6 40 14
80 63 23
58 59 64
71 51 33
0 41 36
11 24 29
31 6 39
60 6 16
74 95 27
19 36 20
12 6 5
23 72 53
90 88 25
57 1 91
60 74 74
93 52 55
61 72 89
39 33 89
13 29 7
35 78 94
15 49 96
58 13 93
92 21 38
82 30 47
47 82 47
94 8 64
91 13 86
16 57 87
84 30 22
69 21 66
41 32 34
68 79 40
11 60 69
80 34 25
65 60 13
16 58 13
58 23 87
85 90 97
89 42 78
19 41 49
34 17 46
73 29 94
84 57 52
28 93 55
59 3 16
81 87 3
82 29 87
27 93 90
19 2 30
46 55 35
77 9 17
35 47 97
9 13 82
16 17 16
69 63 70
69 0 78
76 57 26
19 88 64
9 14 71
99 45 83
88 95 7
1 84 63
88 64 20
27 74 64
92 71 22
11 26 9
87 42 99
59 78 68
13 63 12
2 64 36
10 17 79
14 14 80
55 52 82
70 35 54
33 44 36
66 66 63
98 87 86
94 9 93
66 37 5
5 68 41
40 22 89
14 42 78
58 40 76
24 17 30
48 81 81
75 53 82
42 46 19
96 20 86
20 86 69
63 40 53
38 83 85
36 26 87
80 53 3
94 36 74
44 91 43
49 27 67
92 95 68
12 7 63
33 3 46
42 85 15
24 40 68
85 64 90
15 66 17
23 25 29
41 88 45
91 68 12
76 99 40
67 50 47
74 71 65
97 19 67
31 68 4
56 44 75
74 82 100
55 30 4
99 23 49
92 55 94
12 0 59
95 39 27
35 75 24
40 5 68
1 66 21
68 56 48
28 45 95
37 22 46
1 32 46
61 77 25
8 71 89
16 9 71
31 19 99
23 54 21
92 10 4
31 26 42
79 25 77
89 5 38
71 4 14
64 48 11
79 1 96
16 82 63
38 49 93
24 83 44
9 79 13
48 62 91
57 68 45
33 39 61
72 28 96
37 66 93
56 98 64
79 3 92
79 68 6
36 28 49
29 63 16
31 8 32
75 94 66
13 22 44
78 23 9
96 33 47
9 45 86
6 64 16
2 11 58
20 51 27
50 41 89
88 44 34
3 29 24
65 69 52
11 48 75
11 10 86
6 65 19
32 30 70
68 46 28
20 94 40
55 61 27
92 6 3
61 62 16
61 92 80
77 46 34
72 31 99
24 4 88
30 40 45
33 2 89
16 35 43
37 28 97
57 20 24
96 53 44
99 22 75
8 55 69
28 56 45
73 20 67
90 23 70
18 93 69
10 64 80
16 76 11
95 48 29
84 82 93
93 3 97
78 92 42
97 61 85
89 64 93
81 97 56
55 43 2
15 73 90
98 35 40
38 59 87
51 31 27
66 92 82
68 20 50
3 5 2
24 14 37
24 16 61
6 66 68
54 39 46
0 13 83
68 13 10
39 49 65
35 5 57
20 15 82
4 34 12
54 3 78
37 84 27
95 76 63
64 74 47
69 56 20
18 42 88
85 60 30
63 95 10
68 45 58
81 74 1
7 2 58
49 62 43
97 54 25
87 33 21
12 34 50
63 34 40
4 75 11
26 6 67
31 57 65
9 98 46
64 50 56
35 49 4
66 49 38
24 46 33
77 98 7
15 69 63
58 17 88
11 67 13
10 0 5
13 33 47
76 66 67
82 66 11
63 75 42
71 46 63
86 98 56
80 12 44
99 68 7
36 93 77
85 95 22
42 9 60
99 25 60
81 31 73
11 31 80
86 46 23
19 64 52
20 11 49
41 82 21
37 97 67
80 21 16
98 51 58
71 82 94
35 41 92
40 84 66
60 0 70
50 98 100
14 15 18
50 59 83
3 71 52
43 24 43
82 43 43
59 71 92
67 90 83
17 97 18
27 28 50
81 80 62
39 16 69
5 79 46
84 31 94
42 65 16
95 21 88
61 24 28
86 71 29
98 13 68
71 97 40
1 38 20
3 66 82
58 49 30
2 47 72
76 54 30
72 53 65
20 16 13
50 62 43
62 11 66
28 57 38
17 30 43
93 57 47
58 62 61
90 63 54
31 79 32
18 55 15
25 50 23
12 93 50
94 84 63
33 94 6
37 6 89
74 50 34
59 69 87
47 7 11
18 27 40
18 32 98
61 5 73
0 52 100
18 46 10
83 87 8
53 80 5
65 8 73
95 22 86
14 44 56
73 35 26
48 79 45
96 87 95
96 56 8
8 47 91
61 2 93
13 42 5
31 62 79
38 36 37
40 4 88
37 11 35
40 53 26
47 58 87
91 54 41
92 66 7
34 92 16
30 52 89
1 47 13
32 99 85
49 43 45
52 29 50
77 84 26
21 79 55
31 95 8
77 16 99
68 68 88
95 37 84
80 29 88
82 57 91
53 88 31
48 99 65
88 57 92
3 39 75
74 46 65
44 81 19
65 25 16
77 99 15
96 45 11
47 87 14
62 35 97
90 73 71
73 50 22
83 44 52
21 45 45
80 18 4
50 36 9
56 16 71
15 72 5
70 91 99
57 36 30
31 69 82
91 72 24
74 10 86
23 31 22
12 1 18
10 79 92
99 88 80
93 85 25
14 31 65
24 66 33
13 50 94
13 8 75
39 17 12
96 76 98
72 58 54
2 98 27
10 67 84
49 93 2
15 41 96
91 52 89
41 57 96
16 98 59
6 24 7
29 32 39
22 25 96
70 67 86
47 78 10
96 90 89
89 51 6
10 56 99
50 91 89
5 60 43
50 86 20
64 22 97
10 2 85
16 85 49
36 5 10
58 0 26
28 1 34
29 47 30
85 99 73
77 20 49
94 53 57
29 16 50
70 8 42
58 24 16
85 9 24
11 4 83
47 40 75
78 55 55
67 83 38
71 77 29
13 75 81
81 0 24
89 34 94
42 42 48
49 11 68
91 70 94
98 8 4
96 66 82
11 40 78
62 80 49
27 38 32
30 28 82
17 42 65
30 68 69
30 67 32
15 50 88
87 18 48
22 4 2
24 67 79
44 9 88
26 87 82
18 84 11
42 7 71
20 55 32
69 79 29
90 14 91
56 47 15
23 68 90
42 75 5
70 11 45
69 9 13
95 70 83
18 75 1
51 37 31
9 62 41
12 50 71
81 59 64
49 22 71
78 35 49
93 88 80
4 23 58
34 12 15
40 39 41
90 25 97
32 34 53
15 9 38
84 11 8
54 45 1
61 71 48
41 13 22
56 97 39
71 90 69
11 64 62
10 91 90
18 45 25
42 44 90
88 39 93
90 39 31
80 44 68
65 39 72
89 89 27
34 33 37
48 40 58
53 4 36
50 74 77
53 86 58
87 80 4
38 92 38
89 93 99
84 32 72
49 49 79
98 15 96
81 45 25
38 71 80
98 38 74
57 40 74
33 72 9
38 53 64
57 50 24
92 88 62
98 21 38
2 45 86
79 35 73
45 63 69
4 20 47
25 84 44
88 85 17
81 88 35
87 36 4
87 70 34
31 41 63
69 45 63
30 41 65
97 73 98
44 76 13
93 72 15
37 48 25
79 29 19
0 4 8
69 71 93
82 82 54
49 83 13
38 19 23
7 42 34
64 14 13
43 18 51
87 98 36
69 16 69
51 9 73
25 57 7
47 50 38
1 11 8
17 17 61
74 44 62
31 12 49
82 1 55
53 58 19
36 22 14
70 97 10
53 13 24
89 49 16
54 4 72
52 8 81
88 40 45
49 30 26
16 70 64
60 67 54
60 95 74
65 15 70
13 7 49
52 69 100
20 10 22
9 10 45
70 46 15
53 29 4
36 80 96
32 22 64
43 98 3
72 96 68
49 89 90
66 27 53
2 60 68
74 13 91
88 28 75
32 96 20
97 42 26
22 11 88
20 54 19
14 25 54
30 63 41
15 44 74
43 63 74
22 84 51
11 30 26
79 56 29
9 54 67
47 63 45
17 27 21
63 87 92
88 34 26
73 8 83
87 21 75
0 97 23
86 17 80
29 74 76
52 1 31
65 23 37
8 56 27
64 11 60
39 99 88
80 32 6
4 48 44
75 78 82
15 29 58
0 83 36
64 53 26
35 89 25
20 95 95
24 49 67
69 17 71
16 37 53
40 0 92
9 91 33
93 44 43
74 56 7
13 72 78
51 32 52
51 36 95
48 88 66
40 61 13
15 78 27
74 79 69
36 66 52
77 19 5
83 3 5
41 2 47
29 71 50
60 11 87
39 97 55
66 24 15
26 46 24
15 3 34
12 80 60
25 56 46
13 15 41
36 92 89
79 70 33
11 13 16
22 19 60
52 62 19
61 35 58
37 37 55
30 92 10
87 85 35
71 89 60
40 65 20
61 43 85
72 50 63
84 92 91
26 88 79
71 38 25
50 19 38
81 20 70
65 3 32
54 70 52
90 42 79
10 52 95
46 63 67
7 92 9
21 31 1
91 30 78
65 88 55
18 70 33
9 26 68
29 69 41
6 56 43
4 81 63
96 89 78
50 84 99
84 14 66
29 27 65
18 28 30
69 53 95
87 34 29
47 83 92
37 72 34
56 21 71
84 87 94
76 58 12
80 62 93
81 76 14
27 70 74
56 17 5
96 31 52
31 55 95
42 97 50
45 33 23
84 81 14
65 75 58
36 48 88
1 4 25
97 13 24
28 61 43
34 13 64
32 80 50
65 45 57
14 59 18
67 78 65
64 92 88
22 63 79
49 29 67
2 20 85
14 72 18
36 61 55
48 80 62
0 3 32
92 31 84
17 20 24
3 30 30
62 79 80
2 49 21
50 17 31
45 20 28
59 9 43
61 94 48
9 65 25
11 55 68
13 84 13
79 69 94
34 6 40
93 50 15
93 78 34
56 4 19
71 92 57
97 48 96
29 76 68
84 77 45
1 27 100
88 56 50
83 0 8
19 37 23
69 5 68
59 79 15
75 41 68
27 21 11
80 13 76
13 16 77
66 3 47
25 45 92
67 80 75
98 18 35
24 59 41
33 15 9
45 53 54
96 1 15
81 22 87
77 62 65
34 73 14
93 22 31
51 61 13
13 11 6
70 36 11
50 50 43
90 7 99
40 25 93
95 83 47
98 28 88
65 62 60
9 68 4
93 40 78
62 17 74
66 84 11
21 62 41
22 9 8
34 67 71
56 25 92
59 2 71
63 76 67
3 17 36
19 38 8
60 21 75
43 91 41
50 27 58
46 78 76
17 86 27
95 46 38
12 20 23
94 76 63
89 63 94
36 8 6
20 71 100
34 68 49
81 57 88
67 96 28
27 33 40
27 48 100
77 23 64
93 94 94
76 79 67
60 54 20
24 70 48
64 79 31
57 74 4
33 96 72
26 97 45
93 4 29
92 20 5
89 84 38
63 25 68
85 53 42
18 47 8
7 38 81
47 52 14
80 95 65
93 95 46
31 70 68
79 71 74
41 68 64
93 10 97
99 51 53
93 27 12
22 37 34
44 45 93
58 30 42
33 54 84
21 72 86
83 85 47
14 89 73
91 9 18
39 64 72
44 89 96
67 26 40
79 27 43
62 5 42
63 81 58
95 91 69
3 79 84
84 59 82
11 44 27
52 12 74
32 54 89
76 43 81
51 62 74
50 61 40
89 11 92
40 44 42
17 73 85
65 91 66
68 10 94
14 10 82
90 46 37
45 58 48
56 54 97
40 23 72
56 71 39
27 13 85
17 46 75
26 27 70
60 27 53
18 15 30
67 99 62
73 69 28
31 7 58
46 56 56
40 52 2
53 54 13
71 36 10
51 87 43
0 0 76
3 68 38
29 70 51
12 22 43
78 17 80
83 90 100
83 5 81
12 19 21
64 43 8
97 68 100
85 39 41
17 59 90
17 4 92
55 70 79
78 66 44
67 57 43
70 99 86
51 24 28
28 13 25
68 85 75
7 50 15
4 86 20
91 3 6
68 54 68
23 82 68
71 86 100
12 89 25
91 45 80
13 97 89
91 29 62
65 99 12
67 61 21
78 68 41
54 19 25
98 52 90
41 52 3
89 37 31
47 31 86
6 14 83
53 30 15
58 29 83
67 12 26
28 39 20
74 42 57
82 60 10
97 3 52
45 56 49
76 74 37
47 44 73
31 90 90
12 25 97
3 72 20
3 13 42
56 9 22
29 58 73
39 62 86
50 2 4
24 41 74
48 37 88
72 98 69
72 80 13
58 91 79
22 41 37
70 88 93
51 59 58
88 82 15
48 90 14
82 54 76
32 26 27
34 11 86
4 79 84
98 31 98
59 56 54
85 19 27
2 51 31
86 37 68
48 72 68
70 63 90
63 37 92
19 57 76
79 65 63
30 53 8
27 68 76
83 97 4
52 11 39
40 7 79
61 78 13
80 48 74
88 77 23
42 58 20
7 90 6
33 47 15
88 63 64
78 14 39
1 31 36
32 42 54
32 19 19
29 14 95
48 66 29
52 95 11
58 83 18
53 63 45
67 55 73
17 6 28
92 58 69
52 0 27
30 80 54
31 86 11
67 46 84
15 17 8
17 14 29
25 65 57
12 85 15
72 27 40
16 25 100
65 85 51
45 13 47
34 85 15
68 66 37
27 3 60
94 85 22
8 35 74
57 62 38
88 86 16
77 35 10
39 23 26
32 61 56
1 83 5
54 92 33
54 26 47
26 68 85
80 54 4
50 77 82
52 7 70
69 18 84
60 9 86
20 39 52
42 23 64
14 43 3
8 99 16
25 12 98
42 18 20
7 5 92
32 62 73
16 0 44
51 60 18
45 24 79
83 96 96
5 13 12
97 69 94
37 59 6
55 57 3
40 11 4
64 4 80
44 6 64
99 0 13
94 25 22
25 43 83
92 87 23
96 85 5
7 25 14
18 53 40
8 60 42
52 6 8
22 12 24
62 89 49
96 65 28
27 89 11
2 94 20
44 1 63
10 35 28
25 9 6
36 62 80
12 5 11
73 62 91
8 49 52
2 78 21
25 90 68
1 2 98
33 33 51
74 31 28
37 9 63
62 28 23
63 32 75
79 96 59
66 65 81
72 63 47
26 83 3
37 75 23
30 56 29
97 88 24
34 80 29
59 17 85
6 68 17
96 83 64
53 17 90
72 64 33
30 74 16
30 42 49
27 83 51
5 8 22
70 30 15
6 18 32
87 64 8
95 45 8
96 88 76
77 75 83
69 25 62
39 65 57
1 21 30
14 63 61
20 29 73
79 51 87
28 34 33
65 27 22
58 44 16
0 9 43
2 42 32
24 5 82
72 93 37
69 73 37
9 43 97
3 33 44
8 76 99
19 67 90
16 5 80
78 44 50
38 29 71
22 15 1
53 40 40
5 4 86
29 59 93
98 57 1
90 52 31
54 84 53
89 62 68
29 15 83
93 28 57
36 11 67
84 86 37
25 3 15
72 19 7
15 16 54
46 46 92
4 32 29
85 0 82
11 19 59
1 72 40
56 52 84
89 2 91
8 28 52
24 22 34
78 78 29
88 31 28
88 1 78
39 91 90
48 70 49
75 40 82
69 10 94
66 77 26
10 15 63
70 10 27
52 65 30
79 48 88
62 27 27
94 50 39
64 93 75
84 0 77
27 97 56
98 50 14
15 36 77
49 7 49
36 77 15
2 18 8
66 58 14
79 42 98
54 99 76
14 27 23
88 59 89
12 63 62
42 25 78
42 76 42
5 83 30
43 44 37
51 7 74
87 5 89
0 23 34
33 38 95
69 34 91
66 51 17
77 91 96
43 8 44
97 56 60
55 51 33
15 28 25
60 42 45
41 7 32
10 28 92
15 18 40
64 84 81
87 6 75
3 37 16
32 20 16
50 66 26
97 32 100
51 48 75
13 37 44
61 90 7
64 56 81
86 89 16
74 22 58
17 15 48
3 87 4
73 89 95
59 4 65
83 58 18
28 18 71
93 30 46
86 8 57
79 12 34
81 99 40
17 71 29
59 55 52
83 67 39
68 49 92
50 94 51
80 45 31
65 57 77
31 82 64
21 71 52
13 23 37
78 5 11
78 13 75
96 24 35
89 14 21
36 32 29
61 10 57
14 13 76
10 46 96
52 67 27
48 1 40
85 38 77
77 5 20
90 61 57
95 2 37
91 19 67
34 41 92
37 35 63
29 80 3
73 79 80
90 37 98
79 17 52
29 26 4
89 99 99
35 30 68
78 91 37
43 82 46
80 71 41
27 67 43
66 33 84
11 47 83
46 91 30
20 60 91
61 89 18
87 51 63
12 40 8
39 39 45
12 46 38
38 34 20
64 88 46
37 25 2
70 68 66
41 9 19
90 54 41
10 45 67
15 56 48
65 97 87
45 59 33
27 46 46
92 19 93
45 80 44
7 28 26
47 62 82
3 3 28
22 10 26
49 69 40
91 57 41
71 62 37
67 86 77
67 65 44
76 42 23
55 42 11
95 5 27
0 56 42
77 82 51
93 16 34
34 62 12
88 23 36
74 70 17
69 78 100
11 49 74
96 23 36
50 56 30
72 33 90
49 15 73
41 22 40
96 52 13
37 62 15
89 23 62
11 46 30
56 50 12
28 43 84
98 75 38
37 87 38
3 15 67
18 79 25
25 51 95
52 2 35
84 20 45
85 36 96
61 39 77
88 70 24
8 52 18
26 49 51
75 97 54
91 80 69
91 36 90
34 48 54
29 19 1
82 7 40
24 98 68
70 82 39
65 53 88
38 21 53
61 3 18
55 16 41
9 46 9
13 67 38
24 60 17
28 22 9
95 19 56
99 73 48
49 85 60
19 97 8
22 55 61
50 23 91
5 30 37
84 18 9
82 86 48
64 32 29
30 43 62
6 99 76
45 83 95
19 76 14
30 94 9
48 14 8
42 21 24
21 54 96
77 80 77
11 39 94
1 43 46
81 12 71
78 48 14
79 7 41
85 92 31
36 39 97
48 27 20
6 38 16
49 77 27
72 75 26
98 71 77
72 15 57
66 48 35
48 21 57
23 92 17
51 96 33
34 32 82
92 67 73
53 79 68
88 32 71
20 53 79
97 77 72
42 59 45
77 44 34
40 3 59
36 36 90
58 64 60
68 33 86
99 92 1
82 44 42
52 23 80
6 11 39
53 50 50
26 58 16
41 93 73
79 58 89
39 37 44
49 54 93
48 64 30
64 66 81
86 52 62
66 21 39
1 28 72
66 74 62
53 24 89
65 38 49
18 10 97
28 49 19
30 54 53
93 64 73
80 77 51
57 96 35
98 1 41
51 97 65
45 60 98
18 95 74
39 59 44
55 24 83
82 31 20
69 60 79
63 64 94
16 28 36
35 46 84
34 70 62
90 13 58
81 11 81
91 55 68
66 7 57
63 66 94
34 82 25
1 36 58
2 32 1
12 55 14
62 31 99
58 15 26
41 14 96
55 82 29
67 81 9
96 42 70
70 4 1
47 47 20
96 51 88
21 67 70
82 19 42
11 35 38
33 79 22
74 38 59
14 97 9
5 59 33
91 51 94
92 99 68
48 53 95
36 10 82
37 49 94
88 15 40
58 37 12
8 79 17
23 45 41
61 20 63
90 24 24
73 5 87
60 35 2
53 53 98
46 89 96
20 17 83
10 16 56
7 39 29
22 32 100
34 51 40
35 12 33
0 28 86
86 12 4
54 89 86
4 66 61
42 36 72
91 81 31
65 12 72
31 49 35
39 19 61
49 9 68
15 90 38
25 18 17
77 40 25
99 61 83
83 9 74
63 35 39
45 4 9
16 15 34
60 55 97
16 51 75
2 99 28
70 18 22
53 75 45
56 43 88
71 17 19
4 65 72
73 28 76
52 26 51
84 12 98
34 21 97
26 30 37
72 73 80
6 7 85
60 16 1
27 43 39
50 43 43
28 89 38
84 43 11
38 62 9
7 80 41
32 8 50
97 92 7
6 30 44
30 37 74
84 99 24
33 63 73
71 5 76
27 90 70
22 94 58
40 74 62
20 50 48
52 19 48
80 19 19
74 26 11
49 60 18
33 71 58
16 95 5
76 38 43
0 36 31
19 4 75
76 14 18
19 54 31
76 84 95
6 55 15
95 41 84
33 36 2
13 35 29
91 75 31
7 44 89
74 3 35
7 6 24
98 12 98
55 74 25
60 68 1
66 20 57
51 17 64
13 79 98
11 11 88
50 34 45
8 90 87
15 48 94
40 99 89
79 41 60
85 68 21
78 67 85
48 56 69
46 88 83
14 51 4
13 92 9
12 36 44
22 91 44
75 74 3
68 93 98
23 67 90
26 60 21
45 54 70
74 54 72
23 36 52
85 79 71
49 52 61
0 24 21
64 9 90
84 55 66
5 96 20
25 61 86
10 78 40
31 5 67
28 23 42
31 30 22
0 91 51
1 29 2
83 78 33
44 52 33
68 86 69
12 98 20
7 24 68
49 47 39
90 41 79
47 38 17
83 77 38
59 63 68
66 30 70
76 23 31
37 51 77
44 17 12
45 6 72
71 49 44
85 27 81
39 25 92
99 41 17
60 85 29
72 97 8
96 96 99
86 91 43
66 47 33
17 33 50
78 42 17
6 45 31
87 7 7
3 28 88
90 94 41
68 60 67
62 58 26
67 60 62
68 87 55
56 68 28
34 4 17
76 83 21
76 94 9
6 78 66
31 77 3
95 61 2
36 82 29
24 89 39
89 79 76
67 5 10
93 73 25
98 61 14
13 40 13
54 96 36
99 46 57
57 90 43
56 30 58
24 11 91
78 40 13
57 97 62
47 95 90
14 96 46
58 61 47
76 69 89
69 26 47
32 15 39
36 94 45
39 12 57
5 14 26
23 76 43
43 73 100
63 28 62
19 14 5
80 52 91
16 72 39
63 58 46
35 74 67
85 87 39
30 44 95
31 29 86
62 78 86
65 17 24
76 9 36
15 12 6
43 33 96
17 7 62
55 7 94
24 29 96
54 52 12
42 19 36
34 10 42
72 77 1
54 18 13
57 83 31
90 10 63
30 35 22
40 62 86
22 13 85
1 94 55
9 95 37
71 85 24
61 44 65
13 71 57
0 59 14
18 90 42
40 17 16
9 17 66
46 32 27
31 18 76
45 94 66
4 6 24
64 87 93
93 24 84
41 76 90
39 87 66
97 23 14
39 52 73
76 7 30
50 87 42
80 30 26
2 87 47
22 83 19
8 66 9
63 46 83
72 30 50
86 27 8
55 25 31
33 10 6
76 97 90
6 95 79
79 50 58
70 81 63
68 59 92
92 68 47
6 5 77
62 52 21
93 86 58
56 57 37
88 11 97
93 19 100
25 15 52
19 66 94
67 98 68
10 89 75
30 0 98
20 96 27
19 30 75
33 52 70
25 41 72
26 66 96
26 10 9
66 79 31
51 90 47
87 32 79
92 44 67
1 53 15
26 12 86
99 59 39
27 65 17
36 76 53
29 49 9
75 5 45
36 18 85
54 63 77
40 72 70
19 49 45
67 54 45
87 74 53
21 6 59
21 33 56
61 91 40
98 11 38
24 28 56
17 23 96
75 65 88
87 78 73
43 30 33
30 3 3
73 68 37
39 68 8
14 40 57
7 17 32
34 30 87
13 81 89
53 45 40
72 42 60
10 88 26
80 36 85
37 16 16
26 28 78
12 81 27
67 74 48
73 26 51
33 43 78
17 48 41
51 82 80
15 89 89
53 95 28
84 17 63
61 41 54
59 34 42
0 64 60
90 19 54
7 71 95
90 30 54
23 9 94
50 38 43
56 36 45
84 94 52
55 5 41
82 27 74
58 57 86
32 86 23
56 23 97
34 59 90
73 71 24
93 37 40
74 7 94
31 76 1
80 90 11
26 94 55
50 97 94
84 72 31
42 99 14
89 71 19
54 42 30
71 23 64
18 74 62
99 53 30
38 58 18
39 63 49
11 70 9
90 28 33
42 2 78
36 97 70
32 40 70
77 14 69
40 67 22
46 66 9
15 25 62
24 43 64
68 76 86
29 45 93
81 61 15
58 2 97
42 94 60
79 6 81
71 7 92
20 36 55
72 68 35
31 99 1
78 69 72
92 17 15
79 46 44
58 22 86
55 46 90
61 32 94
86 14 8
30 99 24
55 85 25
65 86 44
23 41 63
32 28 69
52 9 26
90 81 81
60 99 12
40 71 5
64 75 46
73 40 67
42 14 30
76 55 6
99 38 2
62 53 49
72 29 60
29 54 42
75 31 78
83 52 16
14 52 84
86 58 65
11 1 45
59 13 82
22 6 74
20 46 61
58 39 47
28 98 26
93 51 22
47 77 29
41 77 11
20 85 43
16 52 74
87 12 37
48 52 90
43 9 90
59 94 80
55 98 98
41 43 52
13 41 52
11 8 90
52 13 9
45 9 26
77 39 56
83 84 61
44 16 51
65 72 58
48 28 2
0 98 29
28 60 88
19 52 29
69 38 47
45 48 44
18 21 53
95 12 52
77 74 58
91 31 34
13 77 52
78 60 7
73 84 13
88 72 46
41 67 50
66 60 63
96 71 63
43 75 32
62 57 29
19 73 12
93 23 26
71 41 96
38 46 78
77 69 8
81 19 51
27 23 88
15 61 30
60 52 45
6 58 19
99 10 64
78 0 72
36 33 48
68 28 29
39 79 54
62 48 95
0 55 6
40 97 86
53 33 34
98 65 89
74 92 86
89 12 49
38 76 17
49 86 73
20 31 54
71 59 92
12 87 42
44 55 38
92 39 84
15 2 63
11 69 37
63 93 94
20 12 35
68 17 21
33 25 65
78 38 57
89 47 44
26 85 3
32 23 99
58 72 32
31 14 54
8 2 74
65 28 82
31 88 35
36 52 67
38 78 94
10 22 61
35 20 48
82 50 62
83 1 12
81 92 98
3 22 98
93 59 93
95 87 32
17 45 16
75 57 3
64 17 36
14 88 31
65 77 78
43 5 15
5 47 27
81 54 12
79 15 50
21 46 48
9 9 45
10 95 51
87 63 59
97 67 86
46 8 62
77 88 17
23 93 14
18 7 91
42 28 90
28 77 51
38 50 71
74 90 94
3 67 55
22 98 41
38 47 8
95 35 64
90 85 88
28 4 16
36 60 22
13 36 50
19 18 65
21 18 93
82 88 22
83 86 78
15 46 87
73 36 1
90 38 17
66 50 80
26 90 38
48 85 25
59 46 80
33 29 8
79 85 73
72 81 63
76 41 77
97 9 11
95 73 75
81 5 3
51 42 87
1 42 34
4 39 22
61 53 83
81 42 87
39 10 53
73 70 17
84 65 42
35 94 53
83 4 28
83 36 12
40 68 22
55 3 25
18 63 33
20 49 29
4 63 8
84 98 89
77 67 81
47 39 32
69 96 60
42 98 26
74 36 98
83 82 16
82 38 31
78 98 95
39 57 68
7 4 50
88 87 92
2 71 71
32 13 46
52 85 95
61 67 23
22 42 66
3 1 22
68 53 40
98 7 46
1 86 91
63 65 59
18 67 92
74 62 19
61 29 54
40 59 53
46 5 54
27 11 39
31 15 2
0 19 2
79 28 10
33 91 12
72 1 26
13 73 84
54 32 22
43 78 59
7 87 61
81 62 70
0 29 84
33 22 24
27 81 86
14 75 50
39 66 89
25 99 8
57 19 45
74 99 64
14 2 27
16 44 71
94 72 16
49 68 75
65 63 22
70 27 35
56 78 99
17 40 92
82 64 27
4 5 1
47 84 18
4 88 51
36 75 31
9 90 63
55 96 28
57 11 18
4 61 66
97 60 26
71 2 44
55 71 19
62 12 47
92 54 47
28 76 54
2 23 78
75 76 21
60 53 89
48 84 33
7 58 39
30 60 54
52 44 7
35 57 23
63 4 45
51 56 59
92 18 37
46 18 83
62 14 83
9 69 85
95 81 25
56 34 59
2 29 24
28 2 48
15 82 99
53 83 28
68 50 92
41 47 95
2 36 2
44 18 41
20 22 40
63 52 91
96 84 19
15 57 38
29 12 24
89 65 72
22 82 95
97 96 69
65 93 4
0 43 94
40 24 49
15 55 91
85 77 32
64 81 69
58 97 33
38 33 44
71 8 85
57 27 30
89 8 17
89 45 98
44 49 22
46 95 5
70 37 10
21 11 12
90 45 71
40 21 70
27 25 17
29 36 65
38 31 24
87 49 99
69 85 27
97 97 11
51 75 91
14 69 100
73 34 38
27 20 80
96 9 34
35 95 35
17 68 63
26 54 48
48 58 96
93 83 69
75 11 76
11 95 10
50 82 8
72 56 27
43 28 1
58 43 35
96 26 44
59 70 57
7 73 31
46 25 24
88 68 46
67 16 62
9 21 81
60 47 89
15 35 45
46 37 6
46 77 97
40 33 12
5 90 74
72 82 71
7 8 78
8 59 12
2 30 1
9 37 44
51 92 24
9 99 68
28 53 56
26 23 79
88 12 74
19 99 34
14 32 89
36 86 14
57 78 62
39 94 93
92 34 85
85 81 15
98 14 21
19 89 29
37 40 58
96 78 89
17 16 25
71 98 42
17 53 20
76 73 55
77 64 7
57 48 60
22 45 35
18 61 95
68 12 65
90 44 78
11 34 58
45 93 56
72 36 74
58 8 23
49 95 82
42 74 88
46 40 51
35 91 26
16 47 33
84 28 49
79 18 80
17 63 77
8 84 76
15 31 95
68 80 89
2 97 43
85 65 46
19 42 79
68 70 67
75 99 81
39 61 71
14 62 84
17 2 71
58 74 25
81 7 67
32 5 44
22 75 20
58 42 8
31 47 50
30 75 9
51 11 87
9 0 29
55 20 30
54 87 45
23 17 42
91 60 45
92 0 78
70 48 51
75 32 39
69 31 89
85 37 79
33 48 95
86 66 91
25 7 52
2 14 32
40 1 9
92 72 81
45 27 42
92 3 97
84 83 83
56 91 48
10 63 65
5 0 75
42 64 2
82 92 61
69 86 30
18 57 57
76 61 93
47 18 3
6 81 97
72 4 9
3 55 69
85 84 10
80 27 57
17 19 40
25 97 37
94 14 54
51 88 92
86 15 61
3 44 46
57 55 84
15 98 66
16 31 28
3 91 17
30 36 43
52 64 83
4 72 73
39 95 33
79 94 92
1 54 38
89 61 25
37 64 55
7 52 78
52 39 77
98 20 30
60 83 95
25 16 23
88 75 66
0 44 15
38 60 53
78 93 58
36 7 90
63 15 78
29 8 87
65 35 34
57 54 19
40 34 49
44 47 6
36 1 84
44 28 52
38 9 29
91 49 46
6 6 84
89 97 65
79 38 66
76 60 41
39 46 48
84 26 61
94 39 48
82 37 56
23 71 49
87 24 78
0 35 95
45 73 57
89 13 72
64 54 62
65 66 23
16 8 57
36 27 41
7 43 78
76 98 27
53 59 69
44 19 60
54 95 22
92 84 21
53 96 87
97 98 35
29 94 30
67 21 34
22 92 18
29 21 41
92 24 20
94 2 54
59 62 81
80 15 6
62 22 49
22 27 6
2 95 84
20 99 61
98 97 73
98 90 59
53 9 98
81 52 33
13 58 48
86 90 48
23 96 4
48 25 84
39 13 68
36 87 66
61 66 27
98 17 77
90 90 63
90 4 95
73 72 37
95 68 11
73 81 87
49 59 69
23 1 57
30 84 31
16 30 90
63 3 96
2 17 67
43 17 4
44 94 2
76 88 87
92 48 41
8 22 67
86 10 8
54 94 58
46 94 56
11 89 11
28 55 94
68 75 92
87 27 89
78 52 50
48 98 22
29 52 9
28 87 40
3 99 64
28 63 69
42 27 42
4 93 56
24 2 17
46 41 22
55 68 4
33 32 82
53 97 97
82 18 64
98 27 47
0 80 92
15 86 98
18 20 5
63 62 89
2 3 62
13 2 17
46 34 94
86 60 75
71 52 100
72 2 58
61 81 96
87 46 64
3 60 3
91 12 75
14 64 96
68 47 65
45 18 33
6 90 57
95 15 78
78 7 71
68 78 94
47 99 80
80 10 11
39 77 81
26 63 4
60 37 50
45 26 19
12 73 5
33 84 91
30 22 77
62 88 42
89 82 64
3 63 99
29 39 29
8 98 75
10 14 33
48 30 95
4 3 69
24 82 54
12 43 41
92 32 33
13 18 3
34 88 28
86 69 59
62 61 74
66 75 12
31 78 59
44 73 88
8 54 50
71 47 99
10 66 91
13 6 64
38 23 22
20 9 83
6 37 48
11 77 88
66 82 6
20 26 13
28 69 19
47 10 56
98 73 85
32 39 38
65 79 23
28 20 30
57 13 17
82 46 93
36 56 3
4 87 69
74 1 97
9 94 74
81 56 76
99 85 62
68 4 67
5 61 38
0 75 8
45 82 1
80 93 98
14 54 58
35 92 70
35 16 2
51 2 43
28 28 77
78 59 90
75 12 40
83 60 28
54 57 93
75 91 82
11 2 100
96 68 59
9 53 33
22 60 20
31 35 31
66 23 52
60 22 61
63 0 92
16 69 40
43 22 3
0 61 56
98 95 95
99 13 74
17 22 100
68 89 43
53 42 32
84 52 100
7 31 98
51 6 63
42 70 60
38 10 33
48 76 2
4 1 17
13 57 47
89 29 69
30 21 42
53 21 75
26 89 13
46 27 80
93 60 23
26 74 37
83 65 56
99 87 32
67 73 48
16 19 24
79 53 7
74 85 11
40 85 10
31 36 67
61 69 24
33 80 24
93 26 3
51 33 26
23 34 43
41 61 100
83 15 7
5 36 61
32 1 66
98 0 72
1 81 14
90 91 9
69 8 15
57 32 29
38 54 38
75 17 78
41 30 97
12 30 23
49 76 96
84 63 3
55 63 67
93 70 69
26 71 77
38 66 20
59 84 88
89 52 40
89 86 93
97 44 71
18 82 46
46 9 58
2 77 92
98 3 30
89 94 27
76 19 7
87 16 48
49 56 56
19 28 4
65 58 7
61 7 34
80 51 84
51 81 14
9 33 45
89 59 87
8 0 90
41 23 49
90 21 68
74 98 67
88 96 74
52 30 84
23 89 19
20 73 58
85 30 18
12 53 56
15 11 7
85 34 65
47 75 9
77 79 51
43 4 57
42 29 15
55 73 90
99 91 70
70 17 19
92 96 68
81 14 15
62 49 9
6 22 8
90 65 60
28 5 30
76 1 47
21 61 89
27 54 16
52 98 76
90 99 14
51 23 31
62 71 41
69 41 25
24 92 12
60 71 74
96 6 47
24 44 84
91 27 82
75 49 69
49 61 86
77 2 37
64 83 72
29 1 27
59 35 96
94 35 53
95 24 24
12 75 97
3 10 89
41 15 52
92 23 81
14 73 17
1 46 58
32 24 29
80 37 51
75 52 20
23 58 29
96 39 28
80 67 5
41 60 25
90 96 61
20 20 55
16 26 43
76 6 93
56 41 94
18 59 18
40 60 6
39 81 34
93 76 63
88 48 22
68 38 89
73 93 36
63 5 9
41 53 74
70 77 60
14 84 87
13 89 73
21 87 6
86 34 50
36 25 69
72 17 89
28 30 27
87 9 23
59 8 12
41 19 83
30 73 74
28 95 66
53 90 90
13 4 63
39 80 60
14 20 61
11 37 68
25 80 26
89 26 44
35 33 76
68 81 28
39 54 59
71 69 24
24 31 52
84 69 64
41 78 92
25 14 12
77 55 94
0 18 19
75 67 26
24 90 39
54 1 51
46 50 98
85 1 95
82 24 20
30 49 32
32 49 5
6 84 14
81 27 86
93 58 50
92 65 81
57 4 36
63 91 69
20 25 38
94 95 73
70 76 99
85 7 90
95 53 81
89 25 6
46 96 39
3 25 83
17 35 59
10 82 7
61 79 5
70 39 90
53 89 47
11 12 90
61 54 4
73 24 82
77 45 88
73 46 54
21 43 76
70 69 86
72 48 73
68 32 48
90 17 87
41 42 63
29 98 44
9 92 51
75 71 10
40 56 28
46 93 70
19 11 55
18 78 76
26 47 25
1 67 88
0 63 81
30 57 93
49 84 50
99 95 74
55 28 50
20 48 96
53 1 13
8 13 50
24 42 72
7 95 3
4 82 74
73 92 97
44 3 72
23 8 43
70 16 74
75 51 30
26 52 78
61 45 4
14 80 100
90 67 100
8 1 71
32 70 81
22 46 92
91 97 57
55 58 17
80 58 78
98 40 28
59 80 48
63 56 93
9 35 83
22 50 96
60 4 53
3 51 37
60 18 91
31 44 15
90 56 46
47 0 45
33 55 58
83 63 40
85 48 59
99 35 84
36 83 96
64 65 13
90 12 80
16 40 33
15 6 100
80 23 23
20 67 48
76 35 79
92 47 65
98 53 54
43 54 21
74 34 12
79 10 29
6 42 26
73 45 79
45 89 49
46 90 34
23 80 25
65 76 5
66 83 12
10 69 11
26 51 6
73 32 98
66 46 16
30 71 16
40 83 49
49 39 47
71 45 44
43 72 48
57 10 62
43 11 88
13 74 70
86 70 19
85 70 60
18 81 92
84 35 49
71 22 10
95 85 22
73 51 70
96 11 30
65 71 10
11 87 96
33 6 83
94 13 76
34 89 9
54 66 77
52 14 5
95 78 28
63 54 70
15 22 7
44 58 52
39 96 39
76 72 89
99 67 34
67 47 51
49 17 99
45 76 83
19 81 88
68 99 44
71 32 5
82 95 13
70 34 13
51 49 40
65 46 30
7 45 17
62 42 19
79 0 13
64 69 69
63 10 48
57 94 66
62 82 39
7 14 43
3 21 19
69 59 64
88 17 23
51 69 14
29 11 78
3 73 5
16 79 55
30 72 49
66 52 78
23 86 96
99 78 8
59 68 34
63 43 60
16 10 63
52 41 62
47 17 64
9 83 5
46 72 94
5 63 18
85 52 39
12 47 49
11 42 11
2 84 82
28 59 66
79 83 9
64 41 1
55 91 69
64 73 80
31 75 79
6 51 81
80 84 45
97 16 68
56 15 61
64 91 36
50 48 62
7 47 91
41 70 71
6 85 96
51 28 91
71 67 84
3 53 19
29 48 47
35 25 53
64 40 73
99 64 86
27 73 23
70 55 91
55 86 90
82 0 34
56 29 28
39 11 61
40 43 85
79 31 2
80 61 60
56 53 15
67 68 21
42 0 51
66 97 65
22 64 13
68 35 76
68 2 33
4 24 7
21 50 22
52 63 45
26 42 64
5 50 17
99 2 33
31 73 68
17 93 4
61 36 7
26 40 35
4 59 81
6 39 70
7 91 42
43 3 10
21 26 47
16 87 36
49 74 93
16 77 8
67 33 11
72 35 95
34 22 59
72 71 61
27 41 89
91 26 76
14 47 79
33 92 98
82 20 42
46 12 79
62 8 33
71 53 3
81 91 45
65 51 82
7 49 83
20 34 40
58 58 90
10 19 81
34 97 40
27 27 3
85 97 48
25 98 1
69 91 45
10 74 18
51 30 39
75 4 69
85 14 7
18 6 73
4 64 9
12 17 80
57 88 99
84 93 91
58 20 94
11 66 83
81 84 5
31 53 55
22 89 74
38 88 32
61 75 37
37 92 54
55 15 89
36 47 45
53 64 44
82 58 13
52 94 42
77 71 61
60 98 45
88 30 18
9 75 64
13 48 30
96 40 1
63 29 67
67 24 59
52 92 20
65 40 22
54 56 82
74 86 26
25 71 47
35 34 19
48 69 38
37 56 23
36 0 46
23 51 75
82 16 13
98 41 50
64 6 32
67 3 54
83 13 85
96 35 68
55 40 85
70 64 50
77 76 53
95 69 92
31 2 80
8 48 77
79 32 46
94 65 86
27 12 54
75 61 45
33 1 79
96 29 22
47 34 14
52 70 90
59 64 69
50 13 63
73 85 19
47 54 38
92 85 15
44 35 27
95 32 6
45 49 13
77 58 6
76 30 99
96 28 84
65 10 53
82 56 55
78 94 84
50 73 61
92 57 79
65 41 83
65 32 55
31 0 35
85 8 52
57 44 16
54 65 20
0 46 61
72 84 64
63 11 63
76 80 17
42 89 19
80 1 2
90 68 63
24 84 11
16 97 81
22 8 81
16 60 76
20 78 65
16 36 52
7 16 62
47 16 62
10 25 56
17 26 90
8 91 36
59 66 100
58 25 72
33 78 97
41 92 86
19 55 88
44 7 38
57 12 57
56 64 92
0 57 62
12 68 38
36 88 40
77 41 73
36 3 96
16 99 30
38 39 53
20 63 57
45 41 28
94 12 49
24 32 54
88 33 63
23 11 66
43 77 99
21 49 85
59 98 55
91 25 95
65 2 100
19 85 16
55 29 77
55 56 47
92 59 85
70 23 80
61 85 64
45 69 76
49 48 37
48 55 91
73 21 79
2 8 81
53 93 53
53 55 85
94 33 22
80 70 50
36 45 97
98 85 22
2 92 73
37 67 20
68 19 35
3 34 98
59 67 73
90 33 51
35 43 63
97 6 36
37 27 4
15 91 98
20 58 34
35 36 28
99 28 54
51 26 2
65 56 52
79 73 48
15 21 8
81 72 36
16 80 30
73 1 37
87 43 13
70 60 16
54 10 63
59 89 45
20 13 8
64 70 97
84 51 42
98 67 40
31 42 65
64 49 60
99 70 48
98 29 45
39 90 90
45 25 49
33 53 30
54 7 9
55 83 1
90 50 11
64 25 72
55 95 43
33 88 53
23 81 37
11 59 91
73 78 59
57 58 12
36 46 98
79 23 36
98 86 25
72 21 74
43 7 84
95 0 53
27 8 71
50 4 72
94 57 13
56 33 18
21 98 84
16 33 61
89 96 58
78 65 97
30 23 80
89 0 35
17 55 83
4 18 67
94 56 28
99 72 59
18 96 63
77 81 64
90 8 87
91 77 53
84 73 62
45 99 38
4 31 69
86 80 30
0 26 81
82 81 17
10 93 37
74 80 54
91 42 58
50 93 8
21 75 9
4 91 74
56 51 36
47 22 49
58 55 88
69 84 6
46 10 42
33 51 28
43 76 99
54 60 23
84 46 61
74 24 32
77 89 11
26 95 62
29 87 26
54 44 9
15 24 12
86 44 78
95 51 88
63 98 49
6 1 88
53 74 82
83 35 56
50 16 31
50 28 5
21 92 27
62 50 57
11 91 36
67 45 96
55 39 9
59 0 49
63 88 80
41 69 36
72 38 92
81 33 86
32 52 20
91 32 76
75 77 23
97 72 94
79 97 11
47 91 100
74 35 47
72 86 63
77 6 37
62 64 24
69 14 21
74 65 65
61 4 48
13 78 54
61 63 55
1 90 28
12 76 75
37 54 15
88 14 42
93 54 16
17 9 64
90 75 28
61 37 22
59 81 20
31 33 86
33 45 32
53 34 51
40 54 94
64 58 4
10 72 97
50 85 16
94 41 72
58 14 18
0 30 25
98 46 66
54 82 47
87 84 56
50 26 41
11 50 7
30 98 71
62 81 54
93 63 1
93 65 50
96 82 86
24 91 39
26 86 37
41 49 4
77 43 14
56 63 87
56 1 48
81 16 77
31 1 30
15 53 63
58 77 18
3 20 54
12 13 93
59 88 11
61 47 13
63 83 46
91 94 97
58 78 95
74 55 36
90 57 77
89 58 16
87 8 12
21 53 44
78 58 92
95 72 58
26 92 98
21 34 3
49 66 80
39 44 48
86 68 59
1 34 74
35 61 91
30 5 89
68 98 19
17 52 51
56 10 97
4 58 72
43 66 89
73 49 39
65 96 16
15 84 55
33 85 32
44 15 39
62 13 8
85 5 90
77 27 38
65 59 66
51 21 79
97 31 30
60 3 89
16 81 70
9 48 7
45 50 50
84 84 51
86 7 21
36 54 8
28 65 4
41 74 16
22 17 3
35 13 56
74 74 3
58 89 33
27 16 66
13 31 6
78 56 54
36 90 1
40 66 99
23 55 14
29 92 40
23 37 25
73 75 4
27 18 100
38 42 50
30 38 85
33 28 52
45 74 9
42 60 87
40 92 66
19 15 60
38 45 71
30 93 9
74 19 19
71 94 49
45 8 78
87 11 53
68 18 92
63 9 60
2 63 18
60 89 31
96 98 16
55 27 51
74 60 11
8 81 63
67 58 68
20 56 15
53 47 67
55 99 89
77 28 54
97 25 19
82 28 46
12 62 22
42 43 23
48 54 7
11 92 69
97 22 21
94 94 52
12 95 77
5 99 9
60 45 63
32 32 2
36 40 59
80 35 12
15 51 68
31 59 98
55 1 21
60 14 17
81 1 91
34 14 40
58 52 35
92 13 52
80 20 53
35 38 98
55 72 31
21 51 79
90 1 77
37 19 27
41 8 10
3 64 25
23 0 33
94 71 70
35 58 56
72 7 2
83 16 97
78 36 44
32 97 45
24 20 56
37 26 9
69 22 22
58 46 82
66 57 35
55 41 94
69 98 91
36 73 88
66 94 40
92 92 54
38 44 18
50 80 11
52 84 79
42 49 92
62 95 58
3 35 31
62 70 95
44 64 95
1 87 96
24 97 1
71 78 23
75 93 6
56 95 87
11 76 34
36 6 2
44 63 44
1 95 77
0 33 56
59 82 44
3 97 100
92 4 98
80 74 85
32 79 25
12 31 31
82 75 21
26 7 10
43 15 17
74 20 34
32 36 45
3 83 64
97 27 53
89 72 61
27 79 16
15 5 61
76 59 37
41 79 29
57 17 80
40 98 48
85 46 50
39 45 57
33 0 93
57 25 52
94 82 73
3 41 50
79 79 83
31 66 69
27 19 77
33 77 35
78 16 95
29 60 74
12 10 29
96 27 45
75 84 74
70 47 2
78 57 28
32 25 9
81 75 66
77 1 26
1 56 20
99 37 67
78 74 50
58 93 25
81 85 7
63 96 87
49 51 63
66 43 72
59 91 94
11 33 61
37 93 98
73 48 63
87 59 60
67 0 72
31 4 10
99 36 58
39 78 42
98 69 53
50 51 65
43 87 6
87 73 65
12 74 6
47 51 37
75 80 14
33 35 13
54 49 11
69 72 41
61 34 74
36 31 71
40 94 33
90 49 53
17 81 18
26 36 79
14 21 27
78 63 65
65 26 56
45 46 75
28 81 69
62 25 4
39 6 34
49 26 85
43 62 45
73 23 56
46 45 40
63 8 59
31 93 39
69 37 65
86 75 6
62 63 12
58 65 57
9 20 14
14 34 69
91 48 48
66 56 30
75 1 79
7 18 45
9 93 13
86 6 58
38 63 60
98 79 80
56 87 52
3 65 43
77 42 63
85 67 69
2 16 56
52 78 65
1 55 36
6 72 14
52 68 2
99 86 33
57 5 62
55 35 96
26 72 27
65 82 30
9 27 23
4 27 48
84 64 97
20 47 22
87 0 4
18 49 32
12 67 50
94 40 10
17 1 7
74 45 9
30 55 23
30 20 64
51 27 4
11 22 91
8 72 13
41 3 46
54 68 12
56 89 9
66 15 58
67 64 45
34 52 12
88 81 59
29 28 43
95 86 29
59 52 76
46 54 20
99 52 23
50 64 69
97 1 78
23 50 76
4 68 95
84 62 99
15 19 99
26 43 10
83 92 81
33 56 83
91 39 94
21 19 1
26 91 58
94 38 34
85 59 69
99 21 66
80 3 98
72 55 32
0 40 56
31 40 14
38 3 37
95 14 29
46 24 79
97 47 27
13 47 79
88 38 77
0 84 96
27 1 33
44 61 21
94 24 66
60 39 2
3 42 83
43 71 62
93 20 89
18 83 53
16 34 15
25 60 41
27 77 66
55 17 14
50 5 68
60 78 80
72 10 42
93 89 72
36 20 20
41 97 41
51 79 20
13 68 45
60 84 36
2 56 27
74 17 32
76 53 63
49 50 74
23 94 95
88 88 46
60 19 72
19 61 23
61 61 14
81 73 44
63 41 98
95 92 47
91 65 95
28 44 31
81 38 68
70 40 83
88 35 29
31 84 8
26 0 10
73 97 77
82 99 30
14 60 62
0 25 7
25 31 37
85 26 38
37 23 60
96 0 76
80 89 57
52 59 81
92 14 55
16 73 24
64 13 61
33 31 81
64 33 86
15 88 96
8 32 69
5 28 91
78 88 93
68 83 98
53 36 70
68 37 23
10 90 45
81 40 25
60 72 62
13 91 30
99 80 95
83 80 40
17 83 90
83 7 45
64 0 30
32 9 57
61 87 45
38 86 41
62 97 89
11 68 44
36 81 34
82 83 34
2 61 30
35 59 35
91 69 35
9 77 17
82 80 66
98 80 81
74 78 49
2 5 21
98 42 46
16 94 42
86 25 33
51 86 42
71 27 24
4 51 51
28 0 68
81 2 86
45 37 26
36 68 6
56 60 89
48 92 88
72 88 19
10 31 35
14 90 94
78 21 1
71 11 48
26 21 42
97 55 23
92 97 23
16 11 29
43 96 37
24 23 28
21 14 97
73 66 72
59 87 88
81 58 53
54 51 83
23 22 73
31 10 38
40 69 74
32 35 1
88 50 65
21 82 44
53 2 24
37 32 94
76 33 16
62 19 51
56 90 48
1 93 39
4 41 43
4 90 65
39 15 85
96 5 36
84 22 45
99 89 70
41 63 36
21 12 49
59 20 1
57 28 13
37 21 11
28 82 24
41 33 89
86 22 56
22 7 4
7 77 12
72 43 76
27 15 41
46 4 49
7 1 38
81 30 50
81 83 97
66 73 59
35 52 77
27 17 67
82 71 80
22 49 99
34 79 78
71 31 92
43 69 14
71 60 82
39 20 26
18 2 37
55 55 81
40 30 15
59 38 61
22 66 12
80 92 53
9 87 90
82 22 32
94 17 25
44 93 98
66 59 90
80 17 13
79 54 32
14 28 30
82 93 56
52 91 41
15 39 31
36 12 58
11 41 36
86 95 25
44 14 84
7 86 72
65 92 97
0 89 25
65 68 66
79 4 25
84 76 47
89 50 25
60 33 33
27 55 88
75 50 13
48 12 86
32 89 37
24 72 53
32 10 39
91 23 73
89 76 33
46 31 57
36 16 90
97 65 64
32 73 52
26 3 20
22 47 72
51 89 23
2 85 79
30 66 65
83 62 73
24 19 30
76 44 57
17 57 45
56 27 18
87 90 75
12 37 7
45 16 34
38 2 71
49 87 69
87 31 89
49 45 45
29 62 79
26 9 65
4 8 23
63 90 32
87 25 68
75 72 96
38 72 85
90 20 99
92 7 78
93 2 30
56 48 46
55 62 3
18 99 16
6 86 50
25 0 1
35 35 53
74 53 47
35 90 79
25 32 19
27 51 56
72 83 87
66 93 97
51 45 27
54 54 70
11 9 66
62 23 7
88 9 55
71 66 56
58 73 14
51 18 29
7 48 8
49 57 79
23 30 81
73 44 81
24 0 13
6 52 82
35 45 100
58 84 88
2 79 86
18 18 21
65 80 42
62 68 54
32 41 56
96 22 16
75 33 22
45 10 34
78 86 10
13 26 80
53 32 66
71 79 44
78 90 41
17 49 6
28 90 49
48 45 39
79 91 56
27 99 15
67 14 77
80 4 45
61 6 44
63 80 20
40 81 96
97 20 2
70 9 18
96 79 46
21 66 53
40 35 42
32 11 20
64 85 64
27 64 48
38 17 36
72 74 85
67 75 15
24 85 43
51 80 11
70 44 97
14 5 28
14 41 44
54 73 98
22 56 66
58 75 90
44 70 43
13 95 45
69 52 34
25 81 65
96 47 14
46 83 16
54 24 39
13 38 40
25 94 68
88 65 65
54 29 2
93 15 3
65 55 46
27 10 78
71 65 16
11 43 11
62 87 36
70 89 8
99 66 87
94 30 31
81 13 35
30 32 27
31 28 24
99 6 18
81 67 37
76 22 21
73 12 58
27 53 83
51 71 8
80 42 85
36 35 94
59 58 57
96 61 76
64 98 24
8 36 92
30 10 9
81 64 90
57 95 93
8 40 65
26 99 91
43 37 1
35 93 30
90 71 97
49 92 34
40 15 2
76 51 63
23 7 24
26 19 10
23 14 83
40 28 30
25 37 82
86 76 55
55 66 21
46 2 48
60 69 81
84 88 10
95 26 45
35 8 99
75 64 74
10 20 8
90 26 86
99 81 86
93 39 90
87 48 61
1 39 41
34 96 53
85 29 33
38 55 39
61 9 20
68 5 33
1 44 67
60 90 50
29 29 67
77 53 71
21 17 14
98 77 35
26 34 11
64 96 76
74 91 31
25 46 72
40 76 11
43 34 43
14 53 58
64 67 32
84 10 76
90 6 92
61 46 40
34 61 2
45 39 38
33 14 86
99 99 74
39 47 79
39 0 8
56 80 32
89 33 78
80 6 6
62 33 25
25 49 22
9 50 90
8 62 27
9 34 46
9 66 78
83 30 60
47 93 77
25 38 66
81 35 14
86 39 86
53 8 49
82 11 98
28 86 81
61 56 40
40 82 52
22 73 59
74 81 31
0 77 3
86 72 40
36 64 92
57 99 23
84 25 44
12 2 91
19 12 33
22 21 24
87 41 29
92 37 62
30 87 54
12 61 71
4 40 44
97 2 73
47 48 34
39 14 13
46 71 14
80 25 97
4 37 12
76 36 28
99 30 77
75 56 11
88 49 69
54 85 57
19 82 36
86 16 28
75 10 50
25 27 84
89 85 20
19 75 54
10 76 32
16 22 13
65 87 74
10 37 34
57 53 75
69 88 1
34 16 76
11 83 54
63 55 40
24 18 88
5 2 9
79 93 97
64 1 61
78 28 44
36 84 63
84 71 5
34 8 40
31 21 5
52 61 5
75 85 95
48 46 79
98 44 52
18 40 35
6 20 10
91 82 40
17 21 75
48 16 38
98 48 82
70 96 53
89 98 4
1 33 30
26 81 12
77 32 94
76 68 1
54 83 21
21 47 56
74 33 87
6 73 42
80 76 92
73 22 71
31 9 41
67 69 71
98 81 45
68 25 38
79 52 92
0 58 76
74 94 38
62 43 25
18 72 23
65 65 37
39 88 99
98 93 33
9 51 19
12 44 92
66 29 79
97 74 3
34 46 36
50 11 16
53 25 37
66 69 78
61 19 95
9 28 21
69 55 40
81 23 47
40 47 9
71 39 83
2 69 60
94 59 62
14 61 21
56 99 48
71 1 10
18 5 85
37 74 42
39 43 48
85 93 36
40 40 59
10 11 73
47 5 25
4 22 2
23 28 42
69 44 25
29 50 34
73 99 61
54 48 52
75 60 50
94 29 84
75 25 63
51 68 100
67 84 96
70 79 72
85 41 98
12 32 73
34 26 92
38 37 100
13 64 83
12 28 20
99 47 3
75 30 55
66 91 36
78 33 50
28 64 12
12 9 43
25 4 71
86 96 99
14 93 75
80 40 3
86 40 3
17 87 27
32 12 31
85 73 74
32 88 63
19 7 23
14 66 36
10 34 34
4 71 72
20 45 94
33 90 78
53 87 28
33 23 77
67 82 73
47 60 43
14 70 87
77 33 59
51 84 50
61 80 17
84 53 78
54 8 67
62 34 43
19 93 81
79 87 60
78 37 24
10 97 46
7 63 51
38 25 85
26 32 1
26 84 54
27 80 42
2 40 9
4 46 84
49 73 57
2 74 33
0 66 54
1 13 44
52 77 67
86 21 84
48 33 96
37 98 35
9 89 6
89 30 75
62 90 66
43 41 22
76 67 16
7 78 73
86 61 72
64 23 56
64 30 13
70 58 29
91 98 98
20 0 20
59 53 78
0 34 30
20 44 98
62 18 82
25 30 90
68 43 38
97 45 47
60 64 52
16 4 83
65 74 69
3 54 46
97 35 66
35 77 49
19 24 69
44 92 36
97 12 100
59 77 68
38 56 31
74 29 28
34 77 1
43 14 55
10 71 77
29 53 98
42 8 89
35 26 20
76 28 67
59 28 85
13 98 79
74 67 4
45 3 79
69 77 60
62 39 44
43 0 11
26 13 81
94 75 60
96 38 59
21 65 14
95 10 56
56 13 54
0 82 79
68 67 52
3 56 99
20 57 91
5 19 59
15 7 100
61 60 66
54 37 32
30 17 80
61 96 10
91 28 41
68 1 92
46 60 21
26 67 89
9 7 85
96 46 79
47 23 49
79 62 74
28 78 70
56 61 84
52 47 69
59 37 65
60 81 82
57 85 95
7 11 90
21 28 65
33 66 23
86 57 97
45 40 18
54 93 29
56 67 35
83 27 49
50 58 33
31 85 89
58 68 35
26 24 2
60 76 53
41 81 100
20 72 75
40 70 98
26 16 10
40 32 84
96 59 78
28 29 75
94 89 53
8 96 3
90 84 33
70 0 97
51 19 95
58 87 90
48 97 28
12 42 66
77 21 75
60 43 34
94 87 74
12 60 13
71 6 17
6 16 34
98 23 43
61 18 5
74 88 43
88 80 43
22 30 65
89 1 64
9 44 62
57 87 90
36 70 44
59 74 12
25 28 4
37 58 91
55 48 95
35 24 12
35 85 70
8 38 68
87 95 71
78 15 47
87 1 56
34 0 62
2 68 26
14 95 90
82 84 74
28 67 26
66 1 75
9 88 82
11 18 68
3 80 8
86 73 14
50 12 18
60 80 16
43 93 96
43 32 71
9 55 54
93 9 78
0 95 54
27 91 12
99 63 6
69 94 47
68 71 39
46 99 9
20 80 11
44 5 8
26 61 35
84 23 82
39 5 10
35 70 66
60 88 45
84 45 50
24 93 24
28 83 92
37 44 58
18 22 71
25 34 34
96 17 8
35 71 79
21 41 54
9 15 63
18 98 47
93 35 66
66 81 91
60 92 62
27 86 27
57 51 73
73 55 96
32 93 54
67 89 68
59 59 22
17 12 30
52 60 99
76 71 58
41 89 60
5 75 52
40 49 94
6 89 6
28 9 61
83 25 60
31 25 88
95 57 35
93 56 34
62 2 25
50 6 29
71 64 34
50 0 73
72 91 92
50 79 49
49 75 37
21 21 33
97 87 72
40 37 26
77 65 59
88 66 67
37 31 73
74 89 67
69 48 12
9 16 28
96 54 78
70 61 93
70 56 58
37 47 49
46 61 12
89 75 15
26 8 54
17 94 68
40 75 28
91 0 54
89 91 43
4 35 86
19 29 93
6 53 83
32 45 86
78 22 5
85 12 95
47 1 55
92 51 92
95 6 12
42 93 37
21 77 50
2 34 63
30 25 21
78 45 29
17 36 69
21 29 1
87 99 73
83 23 22
86 53 26
65 70 52
58 6 47
87 17 91
62 29 80
91 96 24
21 38 58
60 70 84
38 35 92
54 41 31
28 41 45
84 54 42
5 31 32
73 38 79
14 24 41
85 57 55
24 87 22
30 79 99
6 94 44
25 2 15
8 58 46
29 37 49
19 47 15
97 40 1
47 25 53
1 97 55
87 57 15
41 0 96
1 45 55
50 29 13
11 7 89
80 56 90
35 15 73
46 57 79
5 80 56
40 42 14
50 46 8
29 9 34
98 88 32
69 87 76
16 6 83
86 85 99
2 31 54
72 22 4
88 45 69
59 12 63
93 79 63
82 14 34
40 87 49
63 89 91
95 4 49
88 41 76
49 78 31
16 16 98
32 58 39
19 87 93
0 72 85
43 35 32
83 83 43
81 79 56
12 79 55
49 99 61
87 96 44
14 18 97
11 20 79
33 95 62
3 47 59
82 47 93
78 20 59
82 13 8
48 2 38
85 25 47
71 3 13
68 40 33
2 12 57
44 67 22
64 18 4
35 51 57
76 29 23
81 8 91
68 88 99
19 59 39
83 24 95
43 58 52
6 33 72
77 24 7
44 97 95
49 80 43
76 91 62
78 4 69
25 63 77
72 76 21
24 52 67
72 60 86
93 71 74
94 77 4
21 0 56
49 65 33
19 9 62
78 99 17
46 52 22
12 90 68
29 24 16
49 96 23
5 54 67
66 38 25
28 71 30
45 88 54
33 50 1
22 52 91
0 10 75
79 81 89
56 18 32
95 77 74
94 83 46
55 79 51
32 68 72
79 37 31
90 32 61
88 71 11
16 18 98
10 36 64
90 27 23
43 49 68
37 78 74
66 25 41
86 83 64
74 57 70
4 62 83
48 73 85
16 64 99
98 62 68
92 64 37
0 69 58
8 86 50
63 71 28
34 94 97
97 38 46
90 86 38
24 15 41
63 36 81
64 60 70
39 53 52
6 8 23
63 94 53
59 76 90
77 8 73
86 38 36
29 41 15
59 90 41
29 84 61
59 43 92
80 87 46
76 92 53
24 34 39
65 98 50
48 89 28
47 59 34
44 20 26
56 55 48
73 96 42
52 82 20
68 55 10
84 42 86
74 28 97
52 17 96
62 9 17
97 49 62
62 38 25
97 94 63
94 49 25
47 6 3
9 85 46
18 16 22
42 47 45
13 24 16
22 35 37
41 51 8
85 80 85
21 60 19
55 32 96
1 37 5
19 72 28
59 95 70
41 99 71
21 55 36
87 3 29
43 53 6
70 41 83
60 2 69
87 83 29
9 84 77
15 76 76
87 75 78
16 90 98
79 20 48
54 28 21
34 63 11
12 3 75
21 4 43
20 62 81
43 55 79
50 22 88
19 70 55
20 28 41
89 41 13
83 91 10
39 83 92
28 52 28
70 14 26
41 38 66
16 68 51
85 61 21
30 30 51
74 0 81
69 35 56
81 95 82
30 76 59
40 31 55
21 69 100
21 24 1
85 66 90
81 41 100
16 43 60
40 10 35
65 24 54
92 25 81
16 41 13
79 14 59
8 18 53
96 2 47
91 11 10
40 79 60
99 84 86
83 89 57
6 74 10
57 93 35
9 73 15
98 99 16
77 92 71
82 40 98
20 14 38
20 90 38
86 3 86
43 80 6
39 58 44
58 67 12
16 20 31
87 15 83
8 73 82
83 49 27
66 22 67
25 40 46
53 92 12
89 54 91
8 80 46
74 30 78
69 32 85
53 19 16
96 93 59
69 4 56
19 40 73
34 20 74
1 52 88
4 10 8
49 38 33
31 74 59
71 72 38
97 57 46
60 44 42
99 4 35
79 22 9
17 32 50
6 54 79
6 67 65
2 10 84
46 74 51
68 94 89
72 69 27
27 7 95
40 13 76
83 98 57
42 31 90
34 37 62
5 24 83
85 83 66
82 2 40
12 41 67
46 97 20
8 19 85
25 54 7
95 89 95
78 83 74
17 78 60
44 82 5
4 76 64
8 89 47
35 42 77
85 44 7
54 9 40
16 65 59
41 10 100
70 52 76
48 51 79
4 94 49
4 14 17
89 32 84
32 95 68
62 30 80
41 18 64
3 0 68
84 68 65
13 27 100
89 92 50
20 98 78
17 92 51
7 82 6
95 13 98
51 3 99
30 12 43
77 94 17
57 24 8
66 5 21
86 82 57
39 60 49
55 45 52
88 36 36
30 8 37
18 76 9
32 14 90
45 22 29
10 65 12
28 36 18
33 34 5
29 6 44
63 19 38
20 3 8
76 45 22
95 65 54
16 55 12
51 53 65
46 87 40
57 38 15
56 22 77
16 75 90
89 15 13
10 49 87
68 15 100
5 45 13
8 26 64
36 29 37
63 38 96
47 26 98
36 30 5
93 36 40
63 44 53
2 59 51
8 65 26
75 62 9
80 16 22
32 18 41
40 86 2
4 17 83
19 44 80
32 47 7
39 69 5
40 77 29
7 74 18
19 90 62
0 73 67
20 18 38
46 69 61
29 97 82
77 50 59
23 39 52
35 1 12
83 75 69
7 33 43
23 74 10
86 35 74
33 68 97
30 39 63
59 19 91
92 81 63
51 8 31
3 78 11
0 65 91
25 76 81
42 82 46
83 2 63
45 57 2
39 34 54
51 67 32
84 49 47
81 65 62
28 40 89
51 41 10
92 61 95
55 44 54
12 82 88
25 47 61
0 67 56
88 91 27
47 80 7
45 67 3
69 54 22
83 10 75
44 79 72
15 14 94
62 0 5
62 96 48
1 0 79
10 30 16
35 10 36
30 47 57
27 24 78
13 56 70
35 54 30
71 26 49
7 66 35
59 50 30
2 86 67
72 57 69
57 65 85
22 5 49
52 54 87
74 84 6
47 13 53
21 81 83
32 37 52
4 30 57
80 60 79
91 47 24
42 63 100
92 8 7
73 17 9
98 54 49
80 26 6
51 34 57
63 14 68
46 39 15
3 32 56
79 89 65
99 24 72
52 40 8
80 98 73
86 32 71
84 90 43
38 43 23
34 64 74
29 23 76
