189 0 51
15 0 50
180 0 39
77 0 33
78 0 46
191 0 27
190 0 28
37 0 73
164 0 4
25 0 54
50 0 15
93 0 18
20 0 67
138 0 84
157 0 7
130 0 93
98 0 49
108 0 15
71 0 11
135 0 4
76 0 60
183 0 69
74 0 22
178 0 16
100 0 33
56 0 59
168 0 77
116 0 100
9 0 83
88 0 51
151 0 29
66 0 26
72 0 26
143 0 1
59 0 90
149 0 55
58 0 43
120 0 52
12 0 53
83 0 56
18 0 80
124 0 20
156 0 23
30 0 38
142 0 53
70 0 18
125 0 73
19 0 6
55 0 39
153 0 56
172 0 48
49 0 28
192 0 65
169 0 41
7 0 34
185 0 74
173 0 38
107 0 80
68 0 11
22 0 59
193 0 43
140 0 95
33 0 30
126 0 46
119 0 60
5 0 53
87 0 32
114 0 68
90 0 15
29 0 28
97 0 55
1 0 19
158 0 8
132 0 64
182 0 83
53 0 30
162 0 26
139 0 1
4 0 3
144 0 49
117 0 19
52 0 99
154 0 58
86 0 25
47 0 49
161 0 93
196 0 11
179 0 99
104 0 74
43 0 63
109 0 88
16 0 19
184 0 66
26 0 73
99 0 65
146 0 44
32 0 6
170 0 83
38 0 2
61 0 80
194 0 91
3 0 46
54 0 15
24 0 70
10 0 40
75 0 60
112 0 28
64 0 97
51 0 65
40 0 25
85 0 37
67 0 72
27 0 26
167 0 49
147 0 18
42 0 71
177 0 95
73 0 9
155 0 42
31 0 36
41 0 80
197 0 37
118 0 98
175 0 85
136 0 77
95 0 53
152 0 66
111 0 63
102 0 47
105 0 19
181 0 20
2 0 53
48 0 86
134 0 61
84 0 23
96 0 88
141 0 32
166 0 95
103 0 64
187 0 12
62 0 86
6 0 74
92 0 64
60 0 15
145 0 75
89 0 13
65 0 14
113 0 29
80 0 87
28 0 8
57 0 5
110 0 19
81 0 63
17 0 4
174 0 22
36 0 74
63 0 60
91 0 46
8 0 98
127 0 16
45 0 57
69 0 90
39 0 52
34 0 26
94 0 11
46 0 7
165 0 18
186 0 74
79 0 12
176 0 38
115 0 77
14 0 35
123 0 34
188 0 30
129 0 81
160 0 7
101 0 10
150 0 98
11 0 81
82 0 74
198 0 36
35 0 73
23 0 40
106 0 55
121 0 41
137 0 49
128 0 43
122 0 17
133 0 86
0 0 82
163 0 65
148 0 30
195 0 24
171 0 46
44 0 27
159 0 71
131 0 9
199 0 37
13 0 6
21 0 15
