33 45 85
19 19 53
8 30 10
8 39 4
16 44 70
4 49 99
36 22 90
46 25 96
6 2 39
45 2 61
7 45 64
18 29 61
8 6 11
11 23 69
32 24 29
25 34 83
9 16 28
46 3 80
27 25 17
7 13 24
14 41 85
14 10 59
13 19 72
45 21 52
29 6 18
29 22 23
41 32 78
16 20 30
43 9 44
35 20 39
10 20 26
44 27 95
24 43 30
17 46 59
24 0 32
3 21 6
10 19 97
4 46 36
4 0 89
27 6 25
1 18 64
4 18 30
49 41 92
23 29 73
15 24 49
31 48 34
17 41 9
16 19 98
23 41 72
44 10 91
47 15 52
28 11 61
6 13 86
30 45 27
8 48 78
38 14 64
0 25 53
21 6 77
28 21 8
44 19 48
35 36 64
20 18 29
1 23 27
13 35 14
36 29 37
45 39 13
29 35 62
17 40 39
26 38 23
35 28 52
9 29 13
26 0 15
37 15 59
39 36 3
13 7 7
1 31 55
6 28 1
35 0 33
48 23 38
44 47 39
18 40 94
7 24 8
19 18 65
38 44 40
24 16 11
26 8 17
26 33 54
27 44 15
30 1 78
26 16 96
6 11 17
37 41 52
19 30 63
4 26 29
8 12 40
49 38 10
13 11 32
12 6 28
42 23 56
28 28 29
35 39 56
16 40 56
14 1 77
4 27 54
49 23 40
15 40 25
5 4 13
0 48 41
30 18 85
45 35 7
15 9 11
41 29 61
49 45 41
46 27 64
44 48 39
3 6 92
22 1 25
27 45 80
6 4 6
46 18 34
27 33 45
6 15 38
35 11 97
26 35 67
41 12 36
39 19 2
36 39 1
14 37 21
28 41 45
1 43 2
29 1 19
25 4 21
3 22 71
34 48 63
49 30 73
2 2 37
24 21 86
36 45 15
36 0 20
37 31 86
36 49 6
46 15 30
24 17 52
14 11 86
15 2 80
14 22 91
0 38 18
4 6 82
23 47 41
27 30 79
25 42 14
28 46 22
32 38 88
28 25 15
45 28 93
33 28 79
11 14 34
42 44 62
2 48 51
20 36 38
47 9 7
29 27 15
29 36 76
33 22 19
34 20 29
10 40 36
2 9 10
45 44 89
26 13 7
45 23 80
19 48 75
18 47 15
37 22 27
0 15 3
22 9 7
11 15 30
44 1 100
1 6 44
13 14 73
26 43 39
1 44 93
30 19 33
1 41 90
29 13 53
23 1 7
20 14 93
44 0 90
48 0 85
23 35 20
42 16 56
49 43 31
37 45 70
30 9 22
18 30 40
11 20 61
13 10 35
47 35 73
23 45 93
32 21 18
47 25 77
14 49 63
41 19 42
40 8 73
47 40 82
4 39 49
20 8 55
30 13 97
17 1 59
39 15 5
14 36 62
7 7 63
10 4 61
0 31 52
12 39 33
29 14 24
3 4 78
37 36 98
16 9 64
11 49 60
44 26 12
15 15 4
13 29 33
24 14 85
43 27 76
9 43 98
2 46 18
25 30 10
26 34 27
28 4 35
22 28 38
6 41 21
4 30 91
0 39 6
37 16 100
11 24 96
48 12 86
35 3 84
46 42 67
45 32 39
21 1 33
25 41 76
39 10 26
17 8 47
23 26 70
8 8 27
1 9 53
2 38 86
49 36 69
4 29 51
30 43 34
14 32 86
24 20 61
28 22 88
21 13 4
39 30 49
34 6 84
9 1 71
44 40 69
47 33 87
6 16 54
37 28 49
27 40 35
46 34 39
33 40 22
22 15 7
27 42 99
35 6 41
3 38 98
39 40 17
12 11 97
38 46 67
29 30 12
49 5 40
2 24 80
43 31 47
33 18 19
38 17 83
24 31 72
32 34 54
46 35 12
46 23 8
38 22 22
32 33 49
36 14 74
9 33 35
16 49 53
22 39 62
28 3 85
14 14 73
32 2 90
49 15 27
47 32 73
35 49 95
18 9 6
5 31 40
9 14 46
24 45 87
10 9 86
38 23 98
22 8 82
5 13 61
16 21 83
44 46 54
17 32 80
47 39 68
29 46 14
42 20 89
6 10 27
6 30 51
26 28 61
25 25 98
42 40 42
38 45 16
10 28 79
2 1 90
0 23 26
34 47 96
8 40 47
15 49 77
8 4 64
19 4 10
0 32 71
4 19 71
6 35 33
35 33 84
25 15 43
4 2 21
47 27 47
29 24 98
3 43 6
31 37 67
41 31 56
1 40 28
28 19 34
18 23 39
26 48 84
17 21 15
46 20 15
1 34 12
22 46 51
9 49 73
40 34 36
30 7 59
47 21 32
29 5 91
42 3 44
37 9 40
12 35 35
21 45 94
20 21 71
15 22 69
3 34 51
20 45 47
22 10 37
11 29 86
37 34 31
27 32 1
16 31 62
0 16 53
14 46 36
11 40 88
0 4 90
34 2 49
49 13 72
7 31 63
17 13 40
26 49 70
23 15 23
3 28 40
40 21 32
20 2 29
30 48 72
30 26 8
28 43 92
34 5 10
13 32 21
11 47 29
0 13 23
46 24 53
39 0 2
28 12 33
45 43 49
48 49 14
21 46 91
49 28 91
18 48 83
17 47 16
26 36 56
26 6 95
37 24 2
8 45 78
17 30 85
0 45 20
6 12 83
12 16 63
38 42 88
44 15 79
28 5 22
0 43 59
4 10 43
33 16 35
6 5 66
40 16 31
46 46 12
41 30 13
33 44 81
37 49 40
18 1 47
42 6 69
41 16 62
9 31 19
31 31 79
28 39 53
34 39 77
5 42 8
45 7 22
33 42 86
24 18 5
32 26 47
31 14 97
5 16 89
36 28 38
48 8 60
41 20 44
2 26 53
27 34 29
39 48 4
48 30 97
22 16 32
26 44 80
35 12 44
18 26 91
6 31 73
5 14 85
39 16 97
2 43 56
23 4 64
41 8 21
35 2 96
36 24 74
22 29 45
5 6 53
30 21 95
39 39 86
30 29 30
18 18 26
27 35 16
35 13 11
41 48 84
21 38 6
14 19 54
38 2 53
4 22 81
7 30 1
42 11 91
48 33 86
45 3 11
11 30 48
32 42 33
18 15 58
23 44 30
12 19 100
44 12 69
26 32 80
48 29 52
10 7 40
26 11 97
2 41 58
3 40 65
12 23 11
25 49 41
7 11 3
7 36 37
47 5 44
45 33 75
8 10 1
25 16 23
48 14 98
34 22 2
12 47 97
22 41 52
44 37 82
40 9 89
10 37 10
9 2 90
4 3 94
12 38 92
5 27 44
17 33 11
32 1 4
45 6 92
26 45 36
34 13 12
31 20 48
21 14 19
8 23 99
33 1 23
4 41 19
31 47 34
48 39 9
5 12 72
43 43 52
31 38 96
17 6 41
23 10 87
49 18 39
14 38 73
45 13 11
29 15 61
30 6 22
49 7 63
11 1 7
23 39 71
46 41 11
28 38 99
22 4 55
40 10 99
5 8 3
9 30 55
18 0 90
15 10 69
16 8 23
17 45 45
33 5 88
32 41 16
49 21 60
6 25 58
14 24 64
37 4 100
33 20 8
6 26 82
5 34 61
10 11 91
35 43 22
28 6 17
29 39 7
18 45 77
9 40 50
41 0 34
18 37 45
7 32 45
34 31 81
42 9 88
29 12 53
45 29 61
22 33 61
19 46 22
48 28 8
17 39 53
21 29 17
25 2 84
12 46 33
39 20 72
34 10 24
24 34 78
16 13 35
30 5 60
39 43 42
22 14 27
4 43 63
26 9 46
38 8 78
15 46 18
16 42 48
23 34 37
47 8 29
22 49 11
6 3 21
26 30 64
45 34 24
43 32 89
26 5 12
24 40 32
41 4 24
49 19 3
32 25 60
19 2 28
41 25 12
14 12 15
27 19 38
31 11 10
9 11 8
30 22 69
30 25 82
44 23 8
8 36 88
32 10 49
2 21 65
36 48 56
16 12 36
18 41 79
0 17 4
39 29 22
25 29 20
31 40 41
7 4 76
0 3 69
14 25 74
33 35 73
28 45 54
27 15 81
41 35 38
25 23 84
3 26 6
46 29 59
4 42 56
1 49 42
43 29 19
38 26 53
20 42 42
15 31 48
45 15 9
43 3 73
33 34 95
34 32 2
2 45 15
31 46 39
17 9 79
31 25 4
35 45 29
7 46 48
20 40 29
21 30 60
47 6 65
33 43 37
23 49 83
29 17 35
2 22 97
31 34 51
47 24 41
26 17 53
32 46 52
22 19 100
35 17 28
48 1 75
36 36 64
35 48 10
32 15 19
20 48 2
43 46 36
49 16 38
24 25 4
37 8 67
4 5 98
14 16 7
4 20 40
46 49 67
2 36 92
29 37 28
7 16 8
1 13 63
47 4 8
30 40 82
25 28 37
2 39 23
22 22 62
8 2 93
48 16 8
14 30 28
13 33 76
26 4 55
36 26 1
5 28 88
0 27 16
44 25 54
21 44 48
4 32 68
26 24 31
34 36 98
3 35 65
40 25 22
5 29 34
36 10 90
26 25 32
25 5 60
33 2 9
45 17 46
43 7 39
21 41 72
6 29 39
34 38 63
44 9 57
3 12 74
28 49 19
30 35 65
45 38 15
11 25 8
18 19 74
36 18 51
16 10 100
31 12 8
16 2 32
15 14 58
12 3 82
4 9 17
19 0 26
1 38 63
42 42 76
10 3 75
3 44 19
5 5 20
13 48 3
34 12 96
37 44 43
35 27 28
38 1 39
46 17 68
43 4 62
26 39 95
40 18 26
38 28 58
11 21 42
49 42 56
25 9 43
26 40 11
25 22 14
5 19 79
37 3 67
32 17 10
33 26 79
22 12 68
33 3 56
2 37 75
44 35 68
10 45 4
37 14 4
23 16 92
34 19 41
47 2 7
12 41 25
49 9 79
49 2 31
20 38 4
11 48 90
49 49 13
39 44 10
40 35 14
29 9 61
11 33 60
38 32 4
23 7 16
32 5 58
26 47 13
33 47 44
32 11 76
39 24 48
12 21 39
21 39 78
3 17 60
23 31 85
36 25 75
28 36 43
47 41 54
45 41 33
42 12 4
9 36 68
19 9 78
19 34 44
5 40 79
1 25 24
25 6 62
9 47 47
44 17 28
24 41 11
43 49 75
32 16 83
0 36 37
27 17 44
20 47 72
49 11 39
34 7 11
43 26 30
4 1 67
48 40 94
34 25 69
41 24 53
8 1 1
37 1 28
15 30 79
6 36 44
49 29 29
24 23 8
47 36 56
32 20 37
43 42 58
25 37 17
29 2 82
11 42 40
17 29 92
18 28 35
4 23 56
5 30 21
9 10 100
38 33 59
12 48 21
7 33 22
12 4 87
12 31 84
17 48 87
7 49 9
41 45 83
31 19 40
19 47 56
22 40 85
20 5 34
1 48 24
19 29 53
42 13 94
23 3 97
26 7 86
31 27 90
17 38 36
45 14 78
21 47 60
20 16 26
0 7 52
15 29 49
11 9 58
37 6 77
32 9 34
31 33 1
31 32 32
32 30 88
7 44 40
38 48 27
16 36 83
42 32 41
6 47 76
23 40 99
11 44 53
35 23 80
11 38 90
6 14 89
31 2 82
6 19 41
33 0 76
6 33 88
35 10 37
27 49 92
47 38 35
24 27 56
0 29 85
34 1 60
4 31 3
13 34 45
3 2 79
25 24 1
0 44 82
47 28 15
36 13 72
45 24 61
46 22 21
46 4 82
11 26 18
6 17 16
39 33 2
44 13 6
28 44 38
36 8 99
28 32 63
44 28 100
17 16 21
5 48 7
10 23 73
16 41 48
38 21 97
8 32 2
34 29 53
31 36 54
9 25 44
14 42 89
22 35 74
39 4 60
14 21 5
21 31 40
42 33 39
31 21 55
22 43 45
45 18 19
34 21 83
29 42 29
29 19 29
46 21 22
41 1 77
32 48 30
18 32 41
9 5 69
37 33 54
47 19 52
18 5 86
30 2 6
8 46 51
22 17 72
3 46 12
15 48 88
0 46 15
6 22 52
43 23 93
48 24 33
36 43 85
24 39 14
38 6 7
39 13 9
47 37 43
13 25 15
23 36 50
25 47 25
23 21 26
8 27 81
43 47 24
10 36 55
35 8 59
14 13 28
42 21 93
48 15 55
43 25 81
3 3 82
6 43 56
7 12 60
3 47 50
46 44 92
34 49 90
41 21 65
30 46 64
33 38 70
24 15 13
29 16 47
17 49 74
23 13 58
42 45 67
49 20 99
14 31 43
29 44 88
45 1 94
46 40 35
37 39 96
15 19 55
19 10 29
30 20 62
43 37 14
5 43 11
11 13 20
3 7 8
22 21 72
30 28 84
26 20 91
30 4 13
9 22 81
37 11 19
32 37 59
17 36 68
19 8 43
39 12 96
38 12 76
18 39 71
27 4 91
1 7 15
28 16 2
18 16 97
22 7 36
19 45 58
26 22 62
9 20 27
46 7 36
36 31 36
35 21 78
48 43 57
3 13 73
38 39 29
10 31 67
10 32 80
44 21 63
13 22 26
2 19 77
29 32 27
23 17 74
7 35 67
12 28 56
2 23 17
15 41 4
0 1 27
2 44 3
19 26 33
3 23 88
23 11 15
26 37 88
47 1 14
18 25 2
21 37 90
17 24 95
38 15 71
12 32 43
15 6 25
35 34 78
48 38 27
17 2 79
7 29 24
18 14 30
8 29 59
15 13 52
17 19 91
21 18 8
24 32 75
37 25 68
40 37 42
2 33 30
42 5 7
19 49 68
21 43 61
15 11 65
24 4 86
0 40 96
15 8 63
23 9 88
42 17 95
4 16 21
12 37 13
39 21 59
12 22 10
8 5 61
12 45 78
42 8 71
15 17 81
39 8 77
18 3 17
14 27 21
43 39 100
6 1 54
5 47 38
31 7 38
19 7 68
10 26 50
24 9 68
19 36 26
40 11 99
36 46 95
12 24 75
18 36 86
16 30 48
13 18 63
34 46 63
18 10 10
25 48 16
44 32 65
44 7 6
37 2 99
36 44 74
48 18 74
38 0 54
44 34 35
47 11 51
11 22 8
18 42 84
29 41 72
46 45 76
16 23 39
45 25 42
10 12 34
3 36 64
4 4 95
40 17 93
4 24 78
5 49 96
10 5 5
37 37 18
45 9 60
13 36 67
24 24 71
4 11 61
26 2 99
30 16 1
8 15 8
8 19 30
47 45 29
3 1 87
12 14 78
39 5 91
27 28 55
20 10 16
10 25 26
19 3 19
27 0 34
9 37 84
40 20 70
24 36 76
13 44 55
36 37 77
11 3 80
33 36 53
34 24 88
21 11 17
43 16 89
7 6 35
11 41 41
8 49 68
49 39 98
2 34 99
10 1 16
2 12 92
41 15 93
11 10 53
14 45 42
29 26 37
41 33 12
28 34 81
36 23 88
33 11 39
30 24 65
10 22 65
39 34 85
22 6 97
30 36 49
12 15 22
47 22 97
28 9 71
28 15 10
23 24 86
46 13 96
10 35 57
0 37 45
41 42 73
9 44 81
37 10 19
23 0 23
28 26 90
45 16 27
26 19 8
9 18 76
22 45 57
9 27 58
27 20 64
46 5 92
41 44 15
46 32 20
38 38 90
4 47 74
19 40 19
32 18 44
22 37 27
40 45 19
41 13 53
30 0 15
39 7 86
28 29 56
12 44 50
2 7 30
35 4 71
24 46 57
12 2 89
0 30 97
11 46 18
39 49 45
35 40 31
3 15 14
2 13 96
47 31 40
33 46 27
30 33 78
46 14 68
40 36 9
16 1 39
40 0 27
13 40 78
47 23 62
12 7 81
22 42 11
37 26 59
18 22 26
44 31 44
43 30 12
21 2 53
43 1 54
15 20 7
10 43 35
48 48 76
40 12 43
33 6 33
1 46 73
44 22 90
3 31 36
13 28 31
24 42 15
25 27 84
25 20 54
43 24 59
20 17 3
26 46 35
46 36 12
30 11 21
33 9 22
21 17 49
34 3 48
8 47 98
41 46 82
16 27 67
20 34 21
13 49 93
8 7 24
28 10 71
24 33 20
0 0 5
11 31 54
26 14 22
12 0 55
41 38 93
30 38 16
49 10 88
14 47 26
42 4 14
5 21 7
36 38 56
18 34 84
33 37 2
46 12 12
13 37 34
40 26 38
28 1 53
24 48 59
33 12 20
3 25 1
7 28 75
8 37 49
30 31 23
31 26 95
10 30 24
4 12 38
31 16 37
24 7 73
44 2 40
34 15 24
24 30 70
13 46 91
13 23 8
35 41 25
0 34 45
40 1 86
40 32 6
34 41 38
5 7 46
20 37 70
38 16 39
24 26 57
0 26 70
29 7 92
24 6 17
16 4 52
29 21 92
10 15 4
22 30 41
4 48 63
13 4 26
11 11 94
19 35 63
5 10 71
26 23 48
31 45 72
37 17 34
7 41 91
27 22 72
2 18 5
23 28 1
19 42 88
25 1 26
18 12 6
37 0 42
49 34 93
18 11 70
40 42 46
31 42 40
3 33 3
11 12 57
37 32 22
19 38 91
1 19 17
33 10 70
17 34 56
42 36 54
1 14 92
45 36 55
22 3 75
43 34 75
14 33 20
44 6 10
1 39 67
14 43 10
43 20 54
32 47 7
8 28 5
46 16 18
4 14 77
15 0 19
44 44 9
49 24 7
25 33 42
38 3 89
31 6 45
20 0 63
40 5 47
21 28 89
48 45 79
44 24 21
21 9 50
47 20 20
35 15 81
21 32 81
41 37 21
38 24 44
48 2 5
32 27 45
44 43 66
46 48 21
19 44 22
19 13 42
32 49 62
28 47 91
5 46 69
46 28 31
0 12 47
0 5 26
24 1 52
15 28 90
7 15 80
47 46 74
22 34 62
32 23 63
25 0 12
36 17 52
29 49 76
4 44 12
36 21 89
47 0 56
22 36 24
40 13 41
30 15 93
40 6 36
4 13 12
28 40 45
7 22 3
39 38 23
15 43 96
31 8 90
1 8 88
40 33 19
42 24 91
37 5 23
29 0 61
10 47 31
21 49 89
17 3 48
43 28 97
25 7 87
35 16 29
16 14 43
40 46 41
47 26 93
42 26 71
16 24 83
3 48 14
49 6 47
42 43 12
45 30 46
11 16 9
30 39 58
40 41 29
46 6 6
18 43 70
25 19 33
40 27 44
9 38 3
31 13 2
19 28 48
32 31 5
34 43 79
26 10 87
28 14 18
27 23 36
18 33 47
4 8 61
10 44 23
39 6 62
23 8 49
6 45 98
27 39 9
46 1 62
24 3 56
3 24 69
20 23 2
42 10 14
37 47 45
41 49 94
10 6 27
21 0 76
38 47 22
8 35 9
2 25 92
49 26 11
27 14 83
37 18 70
7 2 43
2 35 72
46 8 42
10 0 84
11 36 30
3 32 53
3 19 83
0 14 61
17 14 14
39 9 44
17 44 24
28 33 81
28 7 87
8 24 64
41 9 41
40 40 55
10 42 25
15 47 10
15 16 72
42 25 51
40 49 74
25 38 93
7 42 100
22 27 15
8 17 13
21 24 55
25 43 52
9 23 30
48 3 26
5 11 85
34 42 80
38 18 14
37 35 72
16 17 95
49 17 19
13 42 27
21 27 13
2 40 66
38 36 90
16 33 63
28 24 25
29 11 24
31 15 55
44 38 91
42 39 34
37 21 99
8 42 34
25 17 91
38 37 81
19 39 30
39 2 52
2 8 46
40 19 3
8 33 60
37 13 79
5 22 87
1 22 3
16 6 20
37 19 1
41 28 60
33 32 42
27 2 27
44 39 65
10 34 70
14 17 38
17 10 25
23 38 87
2 29 28
41 7 1
44 4 49
33 4 78
1 24 12
1 37 7
42 35 82
16 43 92
47 7 57
12 33 92
19 31 97
21 26 66
3 9 65
43 38 85
7 39 15
39 31 79
31 49 12
0 10 19
29 29 77
37 29 23
11 6 10
39 23 47
3 10 86
27 3 65
34 9 23
25 21 89
17 12 55
38 29 31
22 23 83
27 37 95
11 8 38
49 46 63
5 1 40
18 7 19
14 34 92
16 47 64
41 17 19
2 0 62
13 20 65
32 19 83
47 18 68
23 22 80
21 3 46
5 41 87
19 23 85
2 6 1
38 35 67
33 49 11
34 14 75
19 5 99
41 2 3
9 21 31
17 25 100
14 8 91
25 3 98
9 42 16
40 2 24
16 0 66
42 46 60
13 16 26
15 26 71
1 30 88
2 3 69
36 2 57
15 37 33
18 35 1
14 28 45
29 28 76
24 29 17
31 41 42
13 3 54
9 35 38
43 18 92
43 6 27
1 16 32
25 40 77
5 33 43
22 32 88
48 6 5
16 29 96
23 43 88
33 7 70
9 19 5
6 24 47
36 6 69
49 4 63
20 39 70
3 20 68
3 11 68
3 30 26
10 21 83
29 31 11
30 49 74
39 35 12
31 17 66
30 10 62
33 17 20
42 19 67
41 3 63
5 36 67
19 16 18
49 40 77
17 35 48
28 0 32
17 15 98
36 20 9
27 1 45
20 26 48
42 41 5
22 18 59
1 27 81
42 30 46
22 20 15
8 38 72
43 35 17
41 43 49
40 15 23
30 47 36
26 27 23
4 25 8
8 13 46
12 26 1
3 37 97
28 18 52
19 33 78
18 21 31
14 0 25
23 5 32
39 11 48
34 16 57
38 31 48
11 43 67
7 43 87
33 13 62
9 26 85
29 10 10
14 39 57
11 0 12
46 26 20
37 48 44
35 5 63
15 4 29
42 49 100
38 19 41
42 14 84
23 48 72
13 24 99
11 35 5
35 44 96
20 22 59
7 1 69
12 12 100
12 18 6
5 18 5
32 6 15
21 23 38
5 25 74
30 34 74
29 38 25
14 20 20
45 40 85
21 4 87
39 37 12
32 13 61
30 37 74
48 10 50
46 2 13
8 18 86
27 21 30
49 3 33
47 12 94
30 27 99
28 35 71
16 34 26
2 30 15
36 32 65
27 48 62
16 37 42
0 33 15
38 9 60
18 2 59
23 2 11
43 48 74
25 14 27
41 11 100
31 35 74
48 7 57
31 30 1
4 40 63
0 8 35
28 13 14
33 30 29
0 47 52
4 15 19
9 9 84
8 3 32
28 31 82
10 38 91
34 44 61
29 20 19
1 17 17
19 15 13
33 19 62
36 47 22
40 44 56
18 24 60
26 18 25
43 36 97
13 9 22
13 47 54
8 0 11
36 15 30
12 10 43
7 18 18
47 44 60
41 6 92
48 34 98
3 41 51
34 23 84
7 37 95
4 7 18
1 35 55
17 18 93
7 5 68
14 6 97
35 46 83
31 22 1
31 43 90
40 28 15
35 29 16
14 3 11
13 12 96
39 22 71
48 11 67
21 48 51
33 24 54
20 6 63
7 0 62
37 38 98
21 10 56
43 44 64
7 14 56
23 33 47
5 23 30
3 42 92
7 26 22
27 18 10
46 10 49
24 38 15
44 29 18
32 8 25
18 13 62
13 45 53
18 17 38
49 47 60
9 0 67
38 40 70
21 25 27
9 3 5
14 29 34
8 26 61
11 4 46
45 19 50
27 11 62
46 31 77
19 17 7
9 45 49
33 23 3
31 3 77
11 39 96
45 27 26
3 16 56
1 33 24
8 11 2
46 38 12
40 14 65
43 14 3
10 41 67
34 34 47
7 25 53
5 3 74
23 20 36
5 24 14
0 22 83
41 40 51
3 39 92
37 30 81
10 13 93
32 12 48
41 22 17
38 4 66
35 18 71
20 24 86
40 39 32
23 46 7
14 7 78
13 41 34
30 3 8
24 37 16
2 20 45
14 48 26
24 13 43
45 42 36
27 36 44
40 30 86
13 5 31
11 34 49
22 5 47
27 38 1
2 17 66
48 37 28
18 46 65
6 7 7
9 13 73
48 44 33
15 7 64
15 27 16
48 5 77
36 5 76
28 30 85
12 13 43
42 27 16
25 31 69
17 43 41
35 35 73
35 37 79
43 19 43
49 14 83
12 42 10
49 37 20
40 43 87
20 46 38
48 42 55
43 8 28
3 45 62
36 7 39
17 31 48
27 43 94
1 1 29
20 28 72
15 3 24
10 48 44
41 34 69
27 47 37
24 35 87
47 49 60
41 5 85
44 42 53
12 36 59
20 9 75
47 14 51
44 3 15
20 20 1
37 46 21
44 30 32
23 12 93
27 41 14
37 12 17
33 14 9
20 31 65
27 12 71
11 17 3
38 27 89
10 29 91
35 22 44
14 40 97
0 42 71
36 27 99
42 38 44
7 21 81
4 21 2
1 45 85
7 34 91
39 46 70
15 42 79
48 21 65
33 25 62
25 45 58
6 20 22
22 24 94
8 22 50
11 2 47
15 25 54
26 1 15
23 14 15
45 11 46
46 11 20
21 12 30
7 3 4
31 9 82
38 49 36
27 8 4
20 27 92
44 14 18
17 42 65
8 41 4
9 41 93
24 22 93
46 0 4
47 13 53
24 10 22
18 44 18
0 9 99
38 10 42
28 37 36
15 34 49
13 31 80
4 34 88
27 27 25
9 12 82
7 19 71
44 18 4
6 23 50
19 1 67
18 31 43
31 5 22
20 15 49
9 48 9
32 3 52
21 22 4
5 17 94
39 26 85
15 36 13
32 44 32
49 31 4
14 2 97
1 11 83
18 8 34
34 35 39
27 9 78
9 39 50
34 8 2
26 15 7
41 39 59
39 42 33
45 45 84
15 21 73
44 11 12
9 7 34
42 22 79
8 16 33
26 12 4
40 38 21
46 19 43
23 25 51
14 5 30
14 26 56
37 42 80
5 15 22
25 44 27
29 48 99
23 27 47
12 29 28
10 24 3
1 29 96
39 27 83
37 7 82
20 33 54
34 4 32
6 21 64
49 22 30
32 39 65
39 41 33
16 45 78
16 35 35
46 43 61
13 0 70
24 49 49
4 37 96
3 5 91
16 38 92
2 47 89
29 45 67
14 18 27
35 38 90
24 28 3
12 5 63
35 32 49
17 26 41
21 34 67
7 27 70
21 40 84
33 27 15
40 4 29
10 2 43
45 5 14
20 12 95
49 12 26
36 35 29
16 28 15
7 9 45
35 26 63
48 27 49
41 27 34
10 39 28
29 4 47
25 35 95
1 10 60
40 31 68
13 26 54
40 48 39
15 32 27
1 42 88
24 44 76
27 13 88
2 27 100
47 30 38
20 49 61
27 31 75
21 7 95
19 11 95
38 25 83
40 3 32
4 35 100
30 42 38
20 30 27
11 18 4
35 24 4
49 8 59
7 40 22
10 14 84
1 12 1
9 34 71
2 4 92
5 39 94
46 37 19
40 23 43
0 41 32
25 13 43
8 9 6
23 32 77
33 33 61
42 1 77
32 32 74
22 13 14
10 33 92
11 28 86
30 44 10
39 3 89
33 41 63
44 33 46
6 18 70
13 13 55
47 43 25
5 38 62
13 39 95
19 41 86
16 7 82
4 17 1
48 13 78
38 20 85
15 23 44
31 4 92
22 38 20
21 35 94
31 1 36
30 17 97
10 17 32
5 35 55
9 17 54
41 10 11
19 27 46
4 45 74
32 4 9
11 27 30
10 10 19
44 49 99
27 26 6
13 17 11
1 26 1
47 48 63
34 40 100
24 5 54
45 8 2
26 41 80
34 27 47
31 39 68
18 27 61
49 32 35
36 1 45
21 42 84
41 18 89
36 4 4
26 21 76
20 43 2
19 32 60
20 1 100
30 14 81
3 8 58
24 8 37
35 1 52
22 44 10
31 24 98
26 29 47
16 48 24
22 25 35
5 2 100
20 35 61
0 19 94
0 28 1
44 5 21
5 0 96
26 26 87
33 8 47
45 20 43
6 8 30
42 2 49
13 8 83
10 18 79
1 3 61
43 41 43
17 17 100
33 31 68
5 20 83
45 26 3
29 25 10
45 22 26
20 29 38
6 6 61
30 12 26
11 32 17
40 24 55
12 30 55
32 29 43
13 2 49
12 43 42
49 1 14
6 9 27
1 5 27
16 26 1
6 27 80
2 15 29
17 20 16
34 26 73
12 17 46
29 18 11
37 43 75
26 42 39
13 6 10
16 3 55
27 46 62
25 39 87
22 2 31
38 7 20
36 30 97
11 7 36
8 31 33
34 0 100
8 44 37
20 13 99
8 25 45
43 21 80
19 6 43
15 18 64
30 41 74
47 34 48
44 45 91
34 33 43
38 34 3
40 7 72
32 0 11
1 0 85
43 40 61
36 42 95
2 16 8
39 45 73
41 14 37
12 20 45
5 9 72
2 49 71
6 48 8
16 16 9
4 33 64
23 6 62
19 12 69
9 28 69
16 46 31
19 22 94
38 41 57
5 26 42
27 5 4
35 19 78
19 25 19
42 7 74
28 2 12
7 38 38
45 37 41
49 35 74
33 48 10
39 32 14
17 7 89
36 41 67
48 41 4
17 11 74
45 48 6
2 14 67
31 23 5
4 36 32
8 14 62
2 42 79
48 32 27
36 11 63
34 37 32
47 17 94
15 45 77
49 44 34
48 31 91
32 35 88
36 19 39
16 11 20
1 32 37
48 35 71
22 48 82
12 27 29
29 33 81
7 10 44
26 31 11
22 47 12
19 21 57
25 10 41
31 18 35
5 44 10
46 39 57
28 27 13
43 15 40
23 30 42
1 20 48
40 29 62
29 3 36
43 5 96
14 9 93
39 18 89
20 44 97
15 1 51
19 24 44
29 23 88
18 6 20
38 30 99
3 0 43
8 34 83
13 15 85
30 32 92
28 23 29
35 30 63
36 9 87
43 2 4
8 43 68
25 11 19
10 8 49
22 0 85
35 7 90
47 3 13
42 18 63
36 34 20
17 0 73
25 8 74
21 5 40
0 35 23
45 47 84
49 25 8
17 28 6
49 33 83
21 36 48
37 20 13
48 26 5
2 10 45
17 22 32
11 19 21
34 17 23
20 41 24
25 18 39
7 23 48
36 40 84
27 16 52
45 12 45
46 47 90
12 49 47
36 12 1
35 14 82
12 25 18
0 2 59
6 38 90
17 27 84
37 23 69
2 11 46
9 15 28
43 45 79
31 28 77
44 8 15
2 28 56
42 0 21
15 12 9
44 20 85
45 46 44
1 21 41
9 32 48
32 36 12
48 17 5
13 43 41
10 46 29
12 1 48
24 11 14
35 9 40
35 47 24
33 15 32
48 20 32
24 47 87
21 20 45
32 40 5
17 5 42
35 25 22
43 22 87
3 29 29
25 12 86
48 47 41
2 31 80
47 10 97
48 22 48
21 15 16
5 45 24
23 23 45
0 20 55
43 33 44
41 41 1
41 23 39
9 8 19
47 42 86
33 29 71
30 30 18
27 29 76
0 6 97
43 13 60
3 27 52
6 44 69
13 27 61
23 42 71
49 0 55
2 32 51
28 42 29
37 40 6
39 17 25
29 47 85
20 3 41
49 48 17
29 40 25
0 18 47
14 15 57
42 47 65
19 43 46
20 19 85
19 20 53
21 33 10
9 24 35
16 32 15
34 28 47
27 24 18
34 30 93
12 34 33
16 25 96
48 19 26
38 13 94
7 17 72
30 8 27
5 37 16
6 37 62
1 47 90
28 8 1
13 38 91
39 14 78
1 2 6
24 2 77
32 22 64
22 11 53
42 48 11
0 11 24
22 26 8
44 36 91
32 7 75
31 10 42
5 32 22
46 30 53
38 11 77
6 0 98
23 18 67
16 15 11
21 19 23
43 10 1
43 12 85
28 17 73
22 31 60
15 38 80
1 28 100
8 21 13
18 38 76
43 11 77
45 31 19
41 26 86
42 34 47
10 27 90
33 39 36
35 42 25
25 32 5
3 18 67
20 32 51
12 9 29
35 31 39
38 5 58
10 49 23
17 4 39
47 47 89
8 20 56
13 30 92
42 37 5
19 14 2
31 44 29
48 36 96
26 3 20
47 29 2
14 23 84
23 19 74
4 38 21
34 45 100
43 17 23
45 4 83
19 37 10
32 14 52
16 39 72
38 43 91
6 32 42
44 41 45
37 27 2
48 4 79
33 21 19
47 16 56
41 47 2
11 5 99
44 16 30
16 18 45
7 8 32
21 21 44
6 46 6
39 47 90
42 29 99
3 14 29
15 5 81
1 15 46
48 9 59
32 43 23
23 37 1
46 9 44
42 28 32
4 28 38
27 10 69
30 23 14
48 46 66
39 28 51
42 15 10
7 20 70
16 5 23
20 7 10
34 18 3
6 34 78
10 16 20
17 37 84
27 7 34
40 22 53
17 23 61
14 44 74
0 21 91
40 47 33
16 22 97
6 42 8
13 21 67
32 45 54
36 33 18
39 25 48
15 44 86
7 47 67
1 4 22
28 20 23
41 36 23
45 0 74
32 28 37
25 26 18
20 11 76
24 12 38
1 36 39
45 10 32
36 3 89
11 37 80
21 8 90
39 1 47
14 35 93
49 27 42
18 4 70
42 31 43
25 46 64
25 36 30
2 5 37
6 39 79
13 1 32
18 20 98
15 39 67
6 49 34
6 40 18
34 11 4
29 8 78
46 33 95
14 4 44
12 40 3
20 25 38
24 19 28
0 24 14
11 45 30
18 49 18
20 4 85
29 43 39
15 33 58
48 25 25
9 6 8
29 34 19
3 49 96
7 48 67
36 16 74
21 16 41
9 46 85
43 0 21
31 29 41
31 0 32
12 8 70
45 49 11
0 49 41
15 35 63
9 4 66
28 48 33
