3 4 47
2 6 58
4 5 76
2 0 31
0 1 23
5 5 70
1 1 34
8 8 57
6 1 4
8 9 71
7 0 40
4 2 14
2 3 27
7 4 13
1 0 14
9 7 98
7 9 99
1 8 97
0 8 58
5 8 56
6 0 47
6 9 36
9 5 93
7 7 84
6 6 91
7 6 61
2 7 20
7 2 13
0 5 16
4 7 15
8 3 57
0 2 30
4 0 29
4 4 60
9 4 81
8 1 15
8 5 41
2 8 27
8 7 74
9 1 63
1 7 19
1 5 50
4 6 86
5 9 40
3 1 14
8 0 61
8 6 28
3 8 10
6 2 78
2 4 74
6 3 64
0 7 4
6 5 72
1 3 68
6 7 37
3 7 57
5 6 74
3 2 57
8 4 93
9 3 3
1 6 35
1 2 91
4 8 76
9 8 100
4 3 26
7 3 80
5 2 20
1 9 51
5 7 7
6 4 68
2 1 90
9 9 43
0 4 73
3 6 43
0 3 68
5 3 86
3 3 66
0 6 42
2 9 30
9 2 82
4 1 93
3 5 42
6 8 53
8 2 11
0 0 11
5 4 86
5 1 2
0 9 28
7 1 29
7 5 83
2 2 68
7 8 66
3 0 67
5 0 77
9 0 29
2 5 18
4 9 70
9 6 90
3 9 69
1 4 30
